575.2	
1080.8	
1136	
1163.2	
1130.4	
1196	
1133.6	
1168.8	
1095.2	
1102.4	
1080	
1146.4	
1171.2	
1144.8	
1124.8	
1165.6	
1176.8	
1143.2	
1164.8	
1183.2	
1137.6	
1148.8	
1147.2	
1096	
1147.2	
1178.4	
1146.4	
1136.8	
1125.6	
1082.4	
1177.6	
1137.6	
1132	
1113.6	
1148.8	
1180.8	
1130.4	
1096	
1109.6	
1137.6	
1092.8	
1132	
1030.4	
1108.8	
1136	
1134.4	
1146.4	
1183.2	
1150.4	
1156.8	
1140	
1129.6	
1146.4	
1132	
1183.2	
1136	
1183.2	
1151.2	
1119.2	
1179.2	
1129.6	
1151.2	
1100.8	
1132	
1085.6	
1085.6	
1166.4	
1156	
1237.6	
1177.6	
1171.2	
1125.6	
1154.4	
1224	
1208.8	
1191.2	
1120	
1210.4	
1112	
1073.6	
1182.4	
1136.8	
1113.6	
1052.8	
1097.6	
1124.8	
1102.4	
1145.6	
1152.8	
1153.6	
1184	
1100.8	
1167.2	
1119.2	
1104.8	
1079.2	
1230.4	
1188	
1188	
1172	
1104.8	
1162.4	
1108.8	
1155.2	
1204.8	
1148.8	
1193.6	
1140	
1156	
1130.4	
1166.4	
1147.2	
1099.2	
1141.6	
1139.2	
1113.6	
1118.4	
1189.6	
1160.8	
1155.2	
1131.2	
1156.8	
1136.8	
1150.4	
1088.8	
1169.6	
1122.4	
1129.6	
1157.6	
1168.8	
1158.4	
1056.8	
1143.2	
1126.4	
1108.8	
1124.8	
1092.8	
1181.6	
1174.4	
1163.2	
1154.4	
1104.8	
1110.4	
1100.8	
1114.4	
1168.8	
1171.2	
1130.4	
1065.6	
1140.8	
1196	
1114.4	
1135.2	
1109.6	
1186.4	
1079.2	
1157.6	
1172.8	
1136	
1084.8	
1192.8	
1124	
1136.8	
1184	
1176.8	
1084.8	
1073.6	
1174.4	
1144.8	
1183.2	
1188.8	
1098.4	
1160	
1196	
1108	
1104	
1108.8	
1192	
1156.8	
1112.8	
1202.4	
1106.4	
1132	
1150.4	
1112	
1195.2	
1188	
1183.2	
1102.4	
1136.8	
1224.8	
1153.6	
1115.2	
1177.6	
1172	
1160.8	
1081.6	
1196.8	
1208.8	
1071.2	
1140.8	
1180.8	
1207.2	
1089.6	
1134.4	
1116.8	
1145.6	
1176	
1113.6	
1163.2	
1122.4	
1152.8	
1124.8	
1182.4	
1118.4	
1115.2	
1069.6	
1176.8	
1131.2	
1135.2	
1132.8	
1153.6	
1164.8	
1180.8	
1132	
1124	
1200	
1202.4	
1162.4	
1124.8	
1191.2	
1109.6	
1128.8	
1150.4	
1183.2	
1120	
1159.2	
1115.2	
1160	
1151.2	
1149.6	
1144.8	
1134.4	
1168	
1092	
1122.4	
1180	
1128	
1144.8	
1087.2	
1151.2	
1147.2	
1184.8	
1140	
1177.6	
1157.6	
1148	
1187.2	
1187.2	
1103.2	
1147.2	
1085.6	
1159.2	
1176	
1126.4	
1180	
1160	
1161.6	
1137.6	
1152.8	
1151.2	
1188	
1151.2	
1150.4	
1119.2	
1155.2	
1177.6	
1181.6	
1167.2	
1203.2	
1148	
1096.8	
1128	
1119.2	
1112	
1137.6	
1116	
1178.4	
1123.2	
1084	
1127.2	
1117.6	
1121.6	
1106.4	
1176.8	
1160.8	
1163.2	
1157.6	
1165.6	
1122.4	
1172.8	
1112.8	
1167.2	
1144	
1100	
1135.2	
1170.4	
1128.8	
1113.6	
1110.4	
1095.2	
1152.8	
1096.8	
1099.2	
1118.4	
1068	
1133.6	
1114.4	
1132.8	
1134.4	
1180.8	
1156.8	
1140.8	
1113.6	
1114.4	
1129.6	
1101.6	
1123.2	
1079.2	
1176.8	
1130.4	
1191.2	
1162.4	
1154.4	
1131.2	
1164	
1144.8	
1168	
1160.8	
1108	
1145.6	
1164	
1098.4	
1188	
1208.8	
1134.4	
1108.8	
1148.8	
1140	
1126.4	
1144	
1215.2	
1183.2	
1165.6	
1136.8	
1136	
1112	
1146.4	
1137.6	
1119.2	
1172	
1176	
1149.6	
1141.6	
1118.4	
1177.6	
1204	
1186.4	
1173.6	
1184	
1208	
1172	
1097.6	
1131.2	
1164	
1203.2	
1188.8	
1162.4	
1183.2	
1151.2	
1165.6	
1104.8	
1165.6	
1160	
1111.2	
1188	
1163.2	
1151.2	
1148.8	
1141.6	
1152.8	
1149.6	
1147.2	
1130.4	
1116	
1136	
1114.4	
1141.6	
1108.8	
1158.4	
1179.2	
1142.4	
1144.8	
1183.2	
1153.6	
1160.8	
1127.2	
1134.4	
1076.8	
1104	
1202.4	
1112.8	
1145.6	
1131.2	
1108.8	
1172.8	
1162.4	
1156.8	
1096	
1086.4	
1087.2	
1124	
1092.8	
1145.6	
1162.4	
1156.8	
1140	
1101.6	
1107.2	
1097.6	
1116	
1191.2	
1180	
1178.4	
1113.6	
1138.4	
1152.8	
1152.8	
1193.6	
1140.8	
1185.6	
1147.2	
1146.4	
1121.6	
1179.2	
1124	
1145.6	
1250.4	
1172	
1139.2	
1150.4	
1152.8	
1166.4	
1139.2	
1116.8	
1145.6	
1175.2	
1113.6	
1172	
1176.8	
1139.2	
1170.4	
1164.8	
1124.8	
1159.2	
1133.6	
1207.2	
1125.6	
1192.8	
1156.8	
1149.6	
1145.6	
1162.4	
1154.4	
1069.6	
1112.8	
1104.8	
1135.2	
1119.2	
1138.4	
1198.4	
1116.8	
1175.2	
1111.2	
1072.8	
1058.4	
1126.4	
1129.6	
1180	
1157.6	
1160.8	
1120.8	
1160	
1129.6	
1138.4	
1165.6	
1139.2	
1181.6	
1140.8	
1159.2	
1162.4	
1173.6	
1153.6	
1152.8	
1124	
1119.2	
1140.8	
1169.6	
1144	
1107.2	
1183.2	
1106.4	
1123.2	
1166.4	
1192	
1125.6	
1091.2	
1124	
1135.2	
1136	
1084	
1142.4	
1232.8	
1164.8	
1098.4	
1158.4	
1211.2	
1177.6	
1163.2	
1128.8	
1123.2	
1183.2	
1178.4	
1148.8	
1198.4	
1149.6	
1215.2	
1137.6	
1144	
1129.6	
1109.6	
1109.6	
1167.2	
1118.4	
1141.6	
1209.6	
1197.6	
1132	
1139.2	
1103.2	
1091.2	
1154.4	
1220	
1192.8	
1108.8	
1145.6	
1123.2	
1128	
1152.8	
1152.8	
1131.2	
1192.8	
1164	
1178.4	
1155.2	
1151.2	
1121.6	
1147.2	
1143.2	
1240	
1200	
1172	
1118.4	
1124	
1149.6	
1164	
1136	
1201.6	
1140	
1185.6	
1122.4	
1186.4	
1124	
1149.6	
1180.8	
1196	
1131.2	
1152	
1156.8	
1124	
1127.2	
1087.2	
1033.6	
1119.2	
1219.2	
1160	
1166.4	
1160	
1184	
1121.6	
1112.8	
1188.8	
1144.8	
1124.8	
1146.4	
1143.2	
1108.8	
1159.2	
1124	
1176.8	
1118.4	
1052.8	
1137.6	
1084	
1132.8	
1144	
1136	
1140.8	
1107.2	
1126.4	
1184	
1235.2	
1190.4	
1153.6	
1235.2	
1118.4	
1173.6	
1157.6	
1180.8	
1172.8	
1152	
1109.6	
1140.8	
1134.4	
1174.4	
1118.4	
1129.6	
1142.4	
1112.8	
1115.2	
1173.6	
1096.8	
1092.8	
1064.8	
1192.8	
1217.6	
1200.8	
1110.4	
1072	
1111.2	
1133.6	
1156.8	
1133.6	
1159.2	
1122.4	
1126.4	
1196	
1132	
1101.6	
1160	
1156.8	
1214.4	
1046.4	
1105.6	
1109.6	
1120	
1104.8	
1101.6	
1124	
1183.2	
1134.4	
1156	
1188.8	
1140.8	
1140.8	
1159.2	
1134.4	
1087.2	
1089.6	
1140.8	
1124.8	
1165.6	
1131.2	
1111.2	
1124	
1156.8	
1140.8	
1080.8	
1148.8	
1150.4	
1142.4	
1157.6	
1080	
1123.2	
1142.4	
1210.4	
1126.4	
1148	
1120	
1156	
1140	
1147.2	
1180.8	
1193.6	
1132	
1160	
1107.2	
1149.6	
1143.2	
1100	
1149.6	
1127.2	
1111.2	
1075.2	
1140.8	
1158.4	
1189.6	
1196.8	
1180	
1203.2	
1136.8	
1140.8	
1094.4	
1111.2	
1135.2	
1122.4	
1104	
1157.6	
1134.4	
1123.2	
1185.6	
1162.4	
1125.6	
1102.4	
1152	
1148	
1130.4	
1132	
1106.4	
1175.2	
1188	
1211.2	
1157.6	
1141.6	
1171.2	
1092	
1168	
1105.6	
1116.8	
1111.2	
1132.8	
1162.4	
1116	
1140.8	
1140.8	
1118.4	
1135.2	
1173.6	
1212	
1118.4	
1117.6	
1100	
1103.2	
1121.6	
1104	
1160	
1123.2	
1174.4	
1204	
1207.2	
1207.2	
1225.6	
1099.2	
1103.2	
1150.4	
1163.2	
1156.8	
1127.2	
1121.6	
1137.6	
1100.8	
1104.8	
1164.8	
1203.2	
1148.8	
1193.6	
1137.6	
1137.6	
1129.6	
1095.2	
1117.6	
1109.6	
1154.4	
1100.8	
1146.4	
1138.4	
1091.2	
1155.2	
1139.2	
1142.4	
1144	
1170.4	
1157.6	
1120.8	
1170.4	
1192	
1162.4	
1171.2	
1170.4	
1124.8	
1095.2	
1148	
1111.2	
1100	
1159.2	
1146.4	
1136.8	
1137.6	
1169.6	
1155.2	
1131.2	
1148.8	
1160	
1155.2	
1116	
1160.8	
1216.8	
1111.2	
1159.2	
1135.2	
1181.6	
1142.4	
1164.8	
1175.2	
1125.6	
1122.4	
1103.2	
1156	
1113.6	
1115.2	
1128.8	
1150.4	
1154.4	
1144	
1177.6	
1156.8	
1174.4	
1091.2	
1187.2	
1135.2	
1121.6	
1215.2	
1134.4	
1083.2	
1128	
1114.4	
1092	
1148	
1162.4	
1209.6	
1134.4	
1058.4	
1103.2	
1091.2	
1130.4	
1151.2	
1122.4	
1137.6	
1228	
1145.6	
1143.2	
1149.6	
1072	
1112	
1115.2	
1161.6	
1142.4	
1132	
1142.4	
1081.6	
1129.6	
1131.2	
1135.2	
1111.2	
1140	
1132.8	
1177.6	
1133.6	
1159.2	
1150.4	
1108.8	
1168.8	
1120	
1196.8	
1149.6	
1173.6	
1220.8	
1121.6	
1168.8	
1191.2	
1207.2	
1150.4	
1168.8	
1159.2	
1165.6	
1092	
1129.6	
1188	
1164	
1128.8	
1176	
1086.4	
1121.6	
1160	
1148.8	
1152.8	
1095.2	
1154.4	
1169.6	
1163.2	
1203.2	
1104.8	
1136	
1086.4	
1100.8	
1184.8	
1127.2	
1167.2	
1143.2	
1100	
1214.4	
1086.4	
1160.8	
1157.6	
1098.4	
1160	
1121.6	
1175.2	
1175.2	
1185.6	
1172	
1125.6	
1156	
1108	
1127.2	
1152.8	
1076.8	
1203.2	
1184	
1120.8	
1130.4	
1135.2	
1109.6	
1118.4	
1140.8	
1139.2	
1156.8	
1205.6	
1169.6	
1130.4	
1166.4	
1154.4	
1120.8	
1126.4	
1143.2	
1175.2	
1165.6	
1104	
1152	
1177.6	
1168	
1214.4	
1181.6	
1117.6	
1183.2	
1164	
1079.2	
1139.2	
1159.2	
1159.2	
1184.8	
1165.6	
1143.2	
1148	
1105.6	
1038.4	
1156	
1128	
1140.8	
1092	
1171.2	
1123.2	
1151.2	
1074.4	
1170.4	
1145.6	
1141.6	
1120.8	
1256.8	
1143.2	
1156	
