1150.4	
3048	
3380.8	
3444.8	
3444.8	
3470.4	
3520	
3603.2	
3520	
3497.6	
3446.4	
3630.4	
3601.6	
3606.4	
3547.2	
3507.2	
3448	
3352	
3531.2	
3585.6	
3568	
3510.4	
3532.8	
3588.8	
3494.4	
3492.8	
3566.4	
3526.4	
3632	
3486.4	
3548.8	
3548.8	
3494.4	
3435.2	
3452.8	
3411.2	
3476.8	
3515.2	
3550.4	
3537.6	
3520	
3539.2	
3475.2	
3467.2	
3505.6	
3428.8	
3593.6	
3587.2	
3579.2	
3540.8	
3432	
3552	
3521.6	
3502.4	
3491.2	
3568	
3643.2	
3488	
3577.6	
3576	
3564.8	
3553.6	
3550.4	
3486.4	
3472	
3480	
3435.2	
3564.8	
3596.8	
3499.2	
3488	
3382.4	
3315.2	
3438.4	
3425.6	
3444.8	
3545.6	
3452.8	
3531.2	
3478.4	
3486.4	
3540.8	
3502.4	
3582.4	
3590.4	
3484.8	
3435.2	
3624	
3590.4	
3601.6	
3603.2	
3587.2	
3553.6	
3571.2	
3504	
3518.4	
3476.8	
3528	
3528	
3508.8	
3542.4	
3513.6	
3568	
3614.4	
3486.4	
3641.6	
3740.8	
3651.2	
3564.8	
3459.2	
3676.8	
3579.2	
3608	
3582.4	
3560	
3454.4	
3611.2	
3601.6	
3619.2	
3489.6	
3593.6	
3584	
3625.6	
3609.6	
3584	
3430.4	
3507.2	
3518.4	
3518.4	
3504	
3496	
3510.4	
3512	
3494.4	
3508.8	
3480	
3496	
3579.2	
3406.4	
3585.6	
3417.6	
3432	
3344	
3510.4	
3560	
3614.4	
3548.8	
3494.4	
3592	
3678.4	
3678.4	
3547.2	
3470.4	
3467.2	
3480	
3515.2	
3499.2	
3555.2	
3564.8	
3385.6	
3652.8	
3652.8	
3627.2	
3648	
3606.4	
3537.6	
3523.2	
3515.2	
3660.8	
3561.6	
3558.4	
3620.8	
3593.6	
3515.2	
3475.2	
3531.2	
3662.4	
3601.6	
3531.2	
3481.6	
3508.8	
3611.2	
3598.4	
3526.4	
3451.2	
3380.8	
3484.8	
3464	
3548.8	
3576	
3593.6	
3528	
3377.6	
3425.6	
3452.8	
3505.6	
3473.6	
3627.2	
3547.2	
3502.4	
3505.6	
3604.8	
3390.4	
3507.2	
3652.8	
3592	
3568	
3478.4	
3516.8	
3532.8	
3638.4	
3491.2	
3592	
3620.8	
3459.2	
3524.8	
3564.8	
3680	
3590.4	
3660.8	
3547.2	
3646.4	
3550.4	
3459.2	
3409.6	
3563.2	
3467.2	
3499.2	
3544	
3513.6	
3558.4	
3531.2	
3576	
3742.4	
3585.6	
3683.2	
3524.8	
3625.6	
3553.6	
3646.4	
3568	
3651.2	
3550.4	
3460.8	
3531.2	
3492.8	
3628.8	
3566.4	
3614.4	
3512	
3534.4	
3478.4	
3443.2	
3489.6	
3516.8	
3537.6	
3593.6	
3539.2	
3510.4	
3539.2	
3612.8	
3582.4	
3428.8	
3579.2	
3563.2	
3595.2	
3411.2	
3462.4	
3568	
3566.4	
3561.6	
3520	
3457.6	
3585.6	
3635.2	
3630.4	
3544	
3673.6	
3435.2	
3456	
3512	
3384	
3643.2	
3635.2	
3588.8	
3630.4	
3569.6	
3574.4	
3513.6	
3475.2	
3467.2	
3478.4	
3640	
3547.2	
3550.4	
3544	
3611.2	
3584	
3590.4	
3579.2	
3547.2	
3636.8	
3480	
3542.4	
3590.4	
3640	
3569.6	
3548.8	
3563.2	
3579.2	
3532.8	
3492.8	
3550.4	
3440	
3496	
3416	
3611.2	
3600	
3587.2	
3598.4	
3435.2	
3609.6	
3476.8	
3502.4	
3504	
3622.4	
3561.6	
3620.8	
3516.8	
3569.6	
3593.6	
3619.2	
3601.6	
3476.8	
3628.8	
3569.6	
3518.4	
3473.6	
3528	
3417.6	
3457.6	
3425.6	
3443.2	
3582.4	
3532.8	
3494.4	
3388.8	
3505.6	
3528	
3528	
3635.2	
3582.4	
3531.2	
3584	
3684.8	
3604.8	
3620.8	
3643.2	
3462.4	
3505.6	
3454.4	
3574.4	
3451.2	
3552	
3564.8	
3504	
3652.8	
3763.2	
3574.4	
3580.8	
3416	
3454.4	
3632	
3433.6	
3406.4	
3464	
3571.2	
3492.8	
3488	
3588.8	
3456	
3416	
3385.6	
3460.8	
3550.4	
3537.6	
3475.2	
3510.4	
3556.8	
3539.2	
3512	
3619.2	
3609.6	
3571.2	
3603.2	
3547.2	
3606.4	
3622.4	
3539.2	
3380.8	
3481.6	
3473.6	
3582.4	
3576	
3641.6	
3508.8	
3628.8	
3539.2	
3400	
3569.6	
3464	
3456	
3441.6	
3497.6	
3360	
3596.8	
3636.8	
3708.8	
3547.2	
3595.2	
3486.4	
3545.6	
3515.2	
3488	
3531.2	
3500.8	
3470.4	
3422.4	
3516.8	
3692.8	
3665.6	
3532.8	
3704	
3593.6	
3550.4	
3600	
3660.8	
3724.8	
3608	
3627.2	
3521.6	
3718.4	
3552	
3499.2	
3526.4	
3604.8	
3656	
3515.2	
3532.8	
3568	
3432	
3532.8	
3508.8	
3444.8	
3324.8	
3444.8	
3484.8	
3449.6	
3577.6	
3569.6	
3529.6	
3497.6	
3502.4	
3452.8	
3467.2	
3627.2	
3505.6	
3659.2	
3395.2	
3603.2	
3582.4	
3619.2	
3510.4	
3419.2	
3518.4	
3529.6	
3601.6	
3523.2	
3449.6	
3510.4	
3443.2	
3497.6	
3564.8	
3425.6	
3523.2	
3512	
3553.6	
3483.2	
3584	
3451.2	
3584	
3606.4	
3622.4	
3600	
3467.2	
3620.8	
3636.8	
3492.8	
3526.4	
3616	
3476.8	
3478.4	
3497.6	
3409.6	
3513.6	
3616	
3617.6	
3593.6	
3464	
3582.4	
3603.2	
3520	
3499.2	
3460.8	
3441.6	
3601.6	
3520	
3547.2	
3449.6	
3555.2	
3534.4	
3574.4	
3536	
3384	
3483.2	
3523.2	
3467.2	
3537.6	
3478.4	
3464	
3574.4	
3596.8	
3636.8	
3611.2	
3576	
3454.4	
3496	
3529.6	
3433.6	
3548.8	
3630.4	
3624	
3536	
3619.2	
3555.2	
3595.2	
3796.8	
3779.2	
3601.6	
3507.2	
3532.8	
3691.2	
3635.2	
3576	
3705.6	
3548.8	
3617.6	
3560	
3476.8	
3497.6	
3569.6	
3545.6	
3590.4	
3539.2	
3547.2	
3609.6	
3486.4	
3590.4	
3473.6	
3400	
3510.4	
3460.8	
3515.2	
3532.8	
3584	
3678.4	
3694.4	
3553.6	
3462.4	
3524.8	
3544	
3579.2	
3624	
3465.6	
3572.8	
3545.6	
3518.4	
3524.8	
3632	
3707.2	
3612.8	
3540.8	
3620.8	
3524.8	
3518.4	
3480	
3475.2	
3531.2	
3539.2	
3544	
3398.4	
3494.4	
3521.6	
3569.6	
3516.8	
3622.4	
3512	
3590.4	
3560	
3708.8	
3616	
3571.2	
3489.6	
3356.8	
3505.6	
3656	
3481.6	
3582.4	
3536	
3604.8	
3502.4	
3665.6	
3664	
3486.4	
3579.2	
3574.4	
3574.4	
3532.8	
3574.4	
3489.6	
3572.8	
3473.6	
3662.4	
3515.2	
3496	
3574.4	
3510.4	
3542.4	
3456	
3540.8	
3657.6	
3579.2	
3561.6	
3448	
3556.8	
3459.2	
3590.4	
3646.4	
3635.2	
3585.6	
3480	
3467.2	
3582.4	
3491.2	
3488	
3584	
3488	
3544	
3526.4	
3513.6	
3571.2	
3632	
3636.8	
3654.4	
3526.4	
3499.2	
3520	
3401.6	
3569.6	
3566.4	
3571.2	
3542.4	
3524.8	
3433.6	
3596.8	
3534.4	
3568	
3508.8	
3512	
3512	
3592	
3584	
3635.2	
3542.4	
3606.4	
3433.6	
3435.2	
3467.2	
3560	
3456	
3512	
3596.8	
3638.4	
3600	
3638.4	
3574.4	
3544	
3459.2	
3633.6	
3696	
3624	
3622.4	
3542.4	
3518.4	
3510.4	
3528	
3513.6	
3464	
3576	
3528	
3689.6	
3640	
3484.8	
3478.4	
3459.2	
3460.8	
3542.4	
3456	
3595.2	
3632	
3692.8	
3582.4	
3556.8	
3576	
3572.8	
3622.4	
3636.8	
3475.2	
3500.8	
3560	
3577.6	
3563.2	
3547.2	
3590.4	
3558.4	
3614.4	
3625.6	
3430.4	
3563.2	
3561.6	
3628.8	
3747.2	
3553.6	
3598.4	
3547.2	
3624	
3617.6	
3440	
3409.6	
3606.4	
3596.8	
3510.4	
3486.4	
3609.6	
3611.2	
3652.8	
3572.8	
3355.2	
3465.6	
3404.8	
3515.2	
3483.2	
3579.2	
3620.8	
3563.2	
3510.4	
3568	
3665.6	
3611.2	
3587.2	
3528	
3529.6	
3384	
3644.8	
3544	
3488	
3404.8	
3547.2	
3499.2	
3593.6	
3632	
3558.4	
3675.2	
3470.4	
3539.2	
3432	
3504	
3596.8	
3564.8	
3640	
3664	
3542.4	
3491.2	
3462.4	
3529.6	
3683.2	
3484.8	
3577.6	
3545.6	
3484.8	
3416	
3558.4	
3579.2	
3708.8	
3628.8	
3558.4	
3611.2	
3499.2	
3595.2	
3588.8	
3584	
3617.6	
3505.6	
3526.4	
3696	
3620.8	
3609.6	
3491.2	
3528	
3566.4	
3561.6	
3547.2	
3561.6	
3577.6	
3515.2	
3545.6	
3600	
3580.8	
3700.8	
3627.2	
3595.2	
3576	
3576	
3577.6	
3515.2	
3576	
3580.8	
3556.8	
3475.2	
3524.8	
3539.2	
3433.6	
3601.6	
3526.4	
3526.4	
3606.4	
3574.4	
3521.6	
3558.4	
3710.4	
3532.8	
3564.8	
3452.8	
3443.2	
3475.2	
3648	
3574.4	
3545.6	
3616	
3628.8	
3524.8	
3593.6	
3515.2	
3572.8	
3556.8	
3590.4	
3582.4	
3529.6	
3536	
3595.2	
3582.4	
3595.2	
3558.4	
3467.2	
3539.2	
3548.8	
3497.6	
3470.4	
3393.6	
3540.8	
3539.2	
3536	
3494.4	
3670.4	
3684.8	
3606.4	
3740.8	
3640	
3609.6	
3585.6	
3481.6	
3590.4	
3588.8	
3470.4	
3596.8	
3603.2	
3569.6	
3736	
3601.6	
3628.8	
3755.2	
3638.4	
3576	
3643.2	
3564.8	
3504	
3596.8	
3512	
3596.8	
3718.4	
3625.6	
3691.2	
3640	
3683.2	
3596.8	
3553.6	
3686.4	
3521.6	
3577.6	
3528	
3648	
3537.6	
3614.4	
3515.2	
3561.6	
3460.8	
3408	
3526.4	
3556.8	
3526.4	
3628.8	
3648	
3592	
3601.6	
3585.6	
3497.6	
3500.8	
3438.4	
3604.8	
3585.6	
3558.4	
3396.8	
3507.2	
3502.4	
3446.4	
3556.8	
3564.8	
3510.4	
3409.6	
3489.6	
3547.2	
3646.4	
3497.6	
3516.8	
3464	
3451.2	
3534.4	
3400	
3417.6	
3574.4	
3619.2	
3497.6	
3470.4	
3489.6	
3460.8	
3411.2	
3401.6	
3459.2	
3620.8	
3670.4	
3582.4	
3609.6	
3449.6	
3515.2	
3611.2	
3548.8	
3502.4	
3550.4	
3520	
3497.6	
3547.2	
3558.4	
3545.6	
3620.8	
3536	
3576	
3491.2	
3428.8	
3523.2	
3489.6	
3558.4	
3678.4	
3633.6	
3537.6	
3617.6	
3568	
3600	
3601.6	
3532.8	
3561.6	
3512	
3633.6	
3675.2	
3512	
3574.4	
3598.4	
3758.4	
3572.8	
3598.4	
3580.8	
3539.2	
3548.8	
3470.4	
3491.2	
3518.4	
3532.8	
3505.6	
3646.4	
3593.6	
3737.6	
3664	
3627.2	
3478.4	
3545.6	
3604.8	
3715.2	
3614.4	
3521.6	
3497.6	
3484.8	
3512	
3520	
3584	
3363.2	
3510.4	
3523.2	
3580.8	
3627.2	
3603.2	
3472	
3465.6	
3475.2	
3470.4	
3499.2	
3532.8	
3488	
3382.4	
3491.2	
3624	
3444.8	
3574.4	
3553.6	
3508.8	
3548.8	
3604.8	
3608	
3606.4	
3646.4	
3606.4	
3566.4	
3497.6	
3579.2	
3427.2	
3470.4	
3603.2	
3534.4	
3532.8	
3432	
3422.4	
3632	
3708.8	
3651.2	
3672	
3537.6	
3600	
3588.8	
3489.6	
3443.2	
3606.4	
3617.6	
3577.6	
3515.2	
3488	
3536	
3574.4	
3542.4	
3484.8	
3540.8	
3641.6	
3497.6	
3460.8	
3524.8	
3606.4	
3672	
3632	
3587.2	
3700.8	
3555.2	
3539.2	
3659.2	
3478.4	
3489.6	
3558.4	
3459.2	
3512	
3507.2	
3632	
3534.4	
3417.6	
3449.6	
3526.4	
3635.2	
3651.2	
3612.8	
3548.8	
3550.4	
3630.4	
3595.2	
3500.8	
3291.2	
3425.6	
3571.2	
3488	
3537.6	
3505.6	
3553.6	
3668.8	
3574.4	
3518.4	
3632	
3705.6	
3617.6	
3619.2	
3548.8	
3529.6	
3508.8	
3548.8	
3553.6	
3446.4	
3633.6	
3505.6	
3587.2	
3491.2	
3454.4	
3532.8	
3579.2	
3561.6	
3539.2	
3600	
3488	
3585.6	
3643.2	
3582.4	
3432	
3600	
3520	
3587.2	
3473.6	
3641.6	
3494.4	
3544	
3566.4	
3593.6	
3587.2	
3536	
3435.2	
3577.6	
3483.2	
3588.8	
3489.6	
3579.2	
3523.2	
3508.8	
3467.2	
3520	
3441.6	
3604.8	
3529.6	
3540.8	
3507.2	
3552	
3520	
3473.6	
3584	
3435.2	
3600	
3566.4	
3547.2	
3552	
3598.4	
3619.2	
3566.4	
3609.6	
3556.8	
3542.4	
3496	
3526.4	
3630.4	
3337.6	
3560	
3446.4	
3694.4	
3643.2	
3510.4	
3544	
3524.8	
3419.2	
3531.2	
3638.4	
3587.2	
3532.8	
3515.2	
3480	
3569.6	
3641.6	
3473.6	
3593.6	
3552	
3483.2	
3507.2	
3601.6	
3556.8	
3600	
3576	
3561.6	
3672	
3584	
3592	
3513.6	
3508.8	
3561.6	
3492.8	
3625.6	
3500.8	
3502.4	
3483.2	
3624	
3505.6	
3628.8	
3564.8	
3494.4	
3587.2	
3619.2	
3492.8	
3432	
3480	
3484.8	
3508.8	
3507.2	
3532.8	
3617.6	
3651.2	
3632	
3553.6	
3478.4	
3585.6	
3534.4	
3484.8	
3507.2	
3563.2	
3590.4	
3555.2	
3622.4	
3510.4	
3555.2	
3537.6	
3702.4	
3544	
3507.2	
3520	
3582.4	
3488	
3457.6	
3497.6	
3635.2	
3632	
3475.2	
3483.2	
3604.8	
3528	
3585.6	
3484.8	
3563.2	
3478.4	
3526.4	
3516.8	
3561.6	
3601.6	
3492.8	
3484.8	
3518.4	
3510.4	
3489.6	
3611.2	
3612.8	
3596.8	
3552	
3560	
3436.8	
3403.2	
3467.2	
3593.6	
3619.2	
3534.4	
3664	
3644.8	
3508.8	
3454.4	
3600	
3582.4	
3550.4	
3488	
3464	
3569.6	
3625.6	
3574.4	
3630.4	
3536	
3664	
3590.4	
3606.4	
3414.4	
3686.4	
3600	
3534.4	
3564.8	
3593.6	
3486.4	
3491.2	
3553.6	
3596.8	
3500.8	
3443.2	
3552	
3632	
3619.2	
3649.6	
3579.2	
3470.4	
3552	
3480	
3550.4	
3566.4	
3632	
3683.2	
3577.6	
3579.2	
3592	
3539.2	
3715.2	
3643.2	
3588.8	
3572.8	
3518.4	
3542.4	
3502.4	
3636.8	
3625.6	
3619.2	
3614.4	
3515.2	
3470.4	
3342.4	
3507.2	
3516.8	
3728	
3625.6	
3524.8	
3603.2	
3489.6	
3608	
3484.8	
3614.4	
3472	
3448	
3523.2	
3516.8	
3604.8	
3552	
3449.6	
3409.6	
3494.4	
3556.8	
3443.2	
3537.6	
3553.6	
3432	
3486.4	
3555.2	
3558.4	
3662.4	
3595.2	
3648	
3555.2	
3515.2	
3625.6	
3572.8	
3508.8	
3491.2	
3572.8	
3572.8	
3465.6	
3606.4	
3523.2	
3564.8	
3556.8	
3468.8	
3513.6	
3515.2	
3563.2	
3630.4	
3633.6	
3614.4	
3457.6	
3660.8	
3529.6	
3713.6	
3532.8	
3483.2	
3656	
3505.6	
3492.8	
3544	
3496	
3702.4	
3566.4	
3774.4	
3625.6	
3524.8	
3638.4	
3491.2	
3441.6	
3448	
3590.4	
3564.8	
3449.6	
3531.2	
3521.6	
3515.2	
3476.8	
3540.8	
3729.6	
3523.2	
3478.4	
3609.6	
3622.4	
3576	
3676.8	
3593.6	
3684.8	
3544	
3502.4	
3572.8	
3593.6	
3625.6	
3497.6	
3531.2	
3496	
3592	
3542.4	
3518.4	
3625.6	
3577.6	
3651.2	
3588.8	
3553.6	
3600	
3465.6	
3406.4	
3396.8	
3636.8	
3641.6	
3624	
3624	
3596.8	
3596.8	
3528	
3580.8	
3409.6	
3544	
3646.4	
3552	
3467.2	
3451.2	
3494.4	
3550.4	
3448	
3476.8	
3638.4	
3676.8	
3724.8	
3528	
3531.2	
3539.2	
3558.4	
3504	
3499.2	
3451.2	
3553.6	
3478.4	
3656	
3529.6	
3513.6	
3646.4	
3539.2	
3496	
3430.4	
3456	
3624	
3616	
3726.4	
3600	
3582.4	
3427.2	
3648	
3632	
3638.4	
3468.8	
3576	
3582.4	
3504	
3396.8	
3600	
3600	
3596.8	
3600	
3608	
3633.6	
3624	
3580.8	
3550.4	
3628.8	
3660.8	
3680	
3430.4	
3576	
3486.4	
3492.8	
3499.2	
3569.6	
3513.6	
3539.2	
3596.8	
3587.2	
3648	
3449.6	
3420.8	
3436.8	
3555.2	
3348.8	
3577.6	
3524.8	
3657.6	
3550.4	
3465.6	
3484.8	
3524.8	
3523.2	
3502.4	
3545.6	
3572.8	
3555.2	
3600	
3510.4	
3600	
3619.2	
3516.8	
3660.8	
3520	
3420.8	
3507.2	
3609.6	
3608	
3625.6	
3619.2	
3592	
3684.8	
3424	
3416	
3584	
3628.8	
3480	
3462.4	
3612.8	
3542.4	
3584	
3576	
3494.4	
3518.4	
3488	
3540.8	
3673.6	
3440	
3446.4	
3358.4	
3576	
3529.6	
3521.6	
3468.8	
3588.8	
3580.8	
3582.4	
3489.6	
3676.8	
3585.6	
3572.8	
3628.8	
3547.2	
3609.6	
3612.8	
3572.8	
3475.2	
3540.8	
3534.4	
3417.6	
3486.4	
3540.8	
3553.6	
3476.8	
3582.4	
3579.2	
3676.8	
3691.2	
3516.8	
3483.2	
3580.8	
3574.4	
3526.4	
3622.4	
3648	
3617.6	
3553.6	
3486.4	
3515.2	
3563.2	
3568	
3510.4	
3596.8	
3564.8	
3611.2	
3481.6	
3612.8	
3574.4	
3516.8	
3518.4	
3390.4	
3459.2	
3451.2	
3470.4	
3508.8	
3603.2	
3728	
3683.2	
3579.2	
3611.2	
3494.4	
3584	
3516.8	
3467.2	
3411.2	
3601.6	
3518.4	
3550.4	
3496	
3488	
3406.4	
3529.6	
3547.2	
3528	
3622.4	
3617.6	
3507.2	
3454.4	
3595.2	
3454.4	
3489.6	
3510.4	
3558.4	
3585.6	
3616	
3673.6	
3563.2	
3574.4	
3574.4	
3536	
3633.6	
3651.2	
3497.6	
3451.2	
3484.8	
3491.2	
3590.4	
3504	
3409.6	
3451.2	
3480	
3563.2	
3651.2	
3529.6	
3668.8	
3665.6	
3592	
3545.6	
3478.4	
3414.4	
3540.8	
3496	
3475.2	
3452.8	
3382.4	
3435.2	
3438.4	
3448	
3513.6	
3545.6	
3491.2	
3499.2	
3516.8	
3544	
3619.2	
3448	
3521.6	
3608	
3609.6	
3592	
3507.2	
3540.8	
3532.8	
3478.4	
3516.8	
3601.6	
3561.6	
3561.6	
3579.2	
3552	
3616	
3579.2	
3467.2	
3552	
3606.4	
3528	
3508.8	
3632	
3548.8	
3624	
3555.2	
3563.2	
3604.8	
3633.6	
3571.2	
3534.4	
3499.2	
3577.6	
3523.2	
3564.8	
3540.8	
3657.6	
3484.8	
3553.6	
3635.2	
3659.2	
3590.4	
3624	
3657.6	
3694.4	
3569.6	
3398.4	
3454.4	
3411.2	
3528	
3580.8	
3580.8	
3544	
3588.8	
3620.8	
3478.4	
3491.2	
3584	
3508.8	
3563.2	
3558.4	
3630.4	
3587.2	
3600	
3508.8	
3433.6	
3496	
3529.6	
3515.2	
3620.8	
3561.6	
3576	
3548.8	
3676.8	
3480	
3427.2	
3596.8	
3766.4	
3524.8	
3486.4	
3521.6	
3588.8	
3470.4	
3464	
3540.8	
3481.6	
3400	
3553.6	
3512	
3585.6	
3489.6	
3617.6	
3630.4	
3633.6	
3712	
3601.6	
3734.4	
3595.2	
3739.2	
3532.8	
3510.4	
3531.2	
3595.2	
3496	
3508.8	
3584	
3433.6	
3473.6	
3571.2	
3595.2	
3500.8	
3411.2	
3616	
3488	
3499.2	
3422.4	
3584	
3520	
3604.8	
3692.8	
3595.2	
3670.4	
3600	
3462.4	
3491.2	
3476.8	
3588.8	
3494.4	
3467.2	
3622.4	
3582.4	
3457.6	
3502.4	
3468.8	
3545.6	
3547.2	
3502.4	
3492.8	
3515.2	
3507.2	
3545.6	
3558.4	
3537.6	
3472	
3544	
3515.2	
3523.2	
3518.4	
3672	
3553.6	
3558.4	
3452.8	
3460.8	
3382.4	
3518.4	
3499.2	
3460.8	
3569.6	
3508.8	
3491.2	
3475.2	
3521.6	
3476.8	
3400	
3449.6	
3412.8	
3451.2	
3481.6	
3521.6	
3528	
3657.6	
3552	
3606.4	
3696	
3468.8	
3518.4	
3550.4	
3553.6	
3633.6	
3545.6	
3534.4	
3609.6	
3556.8	
3574.4	
3460.8	
3459.2	
3433.6	
3456	
3531.2	
3516.8	
3566.4	
3470.4	
3516.8	
3625.6	
3518.4	
3523.2	
3561.6	
3526.4	
3526.4	
3563.2	
3667.2	
3470.4	
3486.4	
3452.8	
3544	
3521.6	
3545.6	
3577.6	
3668.8	
3584	
3451.2	
3633.6	
3582.4	
3665.6	
3649.6	
3516.8	
3497.6	
3497.6	
3536	
3518.4	
3633.6	
3723.2	
3508.8	
3664	
3590.4	
3675.2	
3611.2	
3572.8	
3494.4	
3512	
3472	
3499.2	
3665.6	
3523.2	
3580.8	
3691.2	
3577.6	
3524.8	
3632	
3678.4	
3633.6	
3684.8	
3587.2	
3705.6	
3617.6	
3587.2	
3552	
3513.6	
3649.6	
3628.8	
3532.8	
3606.4	
3590.4	
3448	
3510.4	
3593.6	
3424	
3440	
3504	
3355.2	
3500.8	
3560	
3550.4	
3476.8	
3630.4	
3510.4	
3747.2	
3489.6	
3540.8	
3480	
3457.6	
3492.8	
3548.8	
3492.8	
3523.2	
3494.4	
3483.2	
3486.4	
3593.6	
3548.8	
3542.4	
3499.2	
3436.8	
3412.8	
3497.6	
3569.6	
3480	
3392	
3550.4	
3577.6	
3531.2	
3472	
3656	
3577.6	
3638.4	
3537.6	
3491.2	
3529.6	
3574.4	
3697.6	
3619.2	
3512	
3601.6	
3577.6	
3537.6	
3550.4	
3523.2	
3555.2	
3492.8	
3484.8	
3553.6	
3558.4	
3563.2	
3576	
3579.2	
3617.6	
3564.8	
3640	
3635.2	
3579.2	
3376	
3457.6	
3572.8	
3537.6	
3622.4	
3569.6	
3643.2	
3564.8	
3491.2	
3596.8	
3507.2	
3561.6	
3582.4	
3577.6	
3528	
3424	
3635.2	
3577.6	
3596.8	
3601.6	
3508.8	
3440	
3587.2	
3603.2	
3550.4	
3532.8	
3483.2	
3617.6	
3688	
3612.8	
3572.8	
3513.6	
3534.4	
3408	
3515.2	
3465.6	
3576	
3556.8	
3523.2	
3601.6	
3571.2	
3654.4	
3593.6	
3595.2	
3507.2	
3504	
3532.8	
3603.2	
3470.4	
3542.4	
3542.4	
3528	
3628.8	
3598.4	
3520	
3513.6	
3476.8	
3468.8	
3521.6	
3483.2	
3542.4	
3536	
3411.2	
3534.4	
3520	
3449.6	
3500.8	
3505.6	
3480	
3476.8	
3576	
3617.6	
3576	
3507.2	
3588.8	
3576	
3596.8	
3556.8	
3582.4	
3475.2	
3398.4	
3544	
3496	
3584	
3540.8	
3481.6	
3398.4	
3587.2	
3531.2	
3505.6	
3622.4	
3644.8	
3480	
3523.2	
3675.2	
3710.4	
3398.4	
3476.8	
3609.6	
3558.4	
3518.4	
3424	
3513.6	
3505.6	
3564.8	
3536	
3552	
3712	
3724.8	
3422.4	
3459.2	
3560	
3443.2	
3454.4	
3534.4	
3566.4	
3630.4	
3560	
3521.6	
3484.8	
3680	
3403.2	
3344	
3420.8	
3467.2	
3604.8	
3569.6	
3696	
3579.2	
3608	
3561.6	
3688	
3659.2	
3576	
3465.6	
3505.6	
3452.8	
3590.4	
3508.8	
3484.8	
3507.2	
3630.4	
3620.8	
3568	
3628.8	
3540.8	
3641.6	
3526.4	
3472	
3516.8	
3660.8	
3619.2	
3486.4	
3553.6	
3492.8	
3524.8	
3561.6	
3440	
3483.2	
3577.6	
3585.6	
3452.8	
3470.4	
3524.8	
3592	
3513.6	
3595.2	
3518.4	
3486.4	
3451.2	
3412.8	
3537.6	
3571.2	
3422.4	
3603.2	
3574.4	
3609.6	
3571.2	
3528	
3673.6	
3675.2	
3678.4	
3513.6	
3507.2	
3425.6	
3385.6	
3468.8	
3422.4	
3531.2	
3489.6	
3558.4	
3556.8	
3548.8	
3612.8	
3691.2	
3723.2	
3521.6	
3526.4	
3649.6	
3523.2	
3558.4	
3593.6	
3577.6	
3600	
3524.8	
3614.4	
3470.4	
3574.4	
3569.6	
3712	
3587.2	
3529.6	
3699.2	
3632	
3510.4	
3512	
3473.6	
3484.8	
3524.8	
3553.6	
3620.8	
3596.8	
3662.4	
3795.2	
3443.2	
3408	
3614.4	
3529.6	
3652.8	
3504	
3480	
3462.4	
3459.2	
3470.4	
3555.2	
3676.8	
3649.6	
3478.4	
3560	
3574.4	
3654.4	
3604.8	
3502.4	
3435.2	
3403.2	
3472	
3510.4	
3510.4	
3590.4	
3595.2	
3456	
3491.2	
3518.4	
3478.4	
3548.8	
3622.4	
3656	
3553.6	
3345.6	
3502.4	
3513.6	
3644.8	
3664	
3521.6	
3534.4	
3539.2	
3580.8	
3577.6	
3552	
3524.8	
3385.6	
3512	
3470.4	
3508.8	
3632	
3652.8	
3518.4	
3566.4	
3600	
3612.8	
3486.4	
3472	
3464	
3507.2	
3614.4	
3596.8	
3587.2	
3539.2	
3569.6	
3608	
3574.4	
3627.2	
3505.6	
3465.6	
3702.4	
3683.2	
3497.6	
3441.6	
3417.6	
3537.6	
3475.2	
3425.6	
3515.2	
3526.4	
3553.6	
3540.8	
3660.8	
3489.6	
3596.8	
3539.2	
3467.2	
3449.6	
3555.2	
3604.8	
3566.4	
3691.2	
3654.4	
3563.2	
3694.4	
3475.2	
3435.2	
3499.2	
3433.6	
3464	
3452.8	
3497.6	
3486.4	
3484.8	
3449.6	
3651.2	
3547.2	
3550.4	
3604.8	
3403.2	
3574.4	
3616	
3560	
3542.4	
3616	
3619.2	
3542.4	
3470.4	
3550.4	
3555.2	
3515.2	
3513.6	
3500.8	
3572.8	
3558.4	
3680	
3505.6	
3489.6	
3603.2	
3590.4	
3462.4	
3596.8	
3592	
3483.2	
3558.4	
3540.8	
3505.6	
3595.2	
3596.8	
3486.4	
3544	
3652.8	
3636.8	
3596.8	
3496	
3577.6	
3587.2	
3561.6	
3480	
3438.4	
3555.2	
3526.4	
3371.2	
3560	
3566.4	
3625.6	
3425.6	
3540.8	
3604.8	
3659.2	
3560	
3507.2	
3636.8	
3590.4	
3652.8	
3654.4	
3465.6	
3611.2	
3633.6	
3580.8	
3441.6	
3585.6	
3470.4	
3440	
3492.8	
3499.2	
3564.8	
3563.2	
3667.2	
3532.8	
3648	
3600	
3566.4	
3513.6	
3633.6	
3550.4	
3424	
3532.8	
3572.8	
3652.8	
3625.6	
3601.6	
3512	
3582.4	
3504	
3484.8	
3473.6	
3352	
3494.4	
3428.8	
3416	
3494.4	
3515.2	
3417.6	
3576	
3560	
3550.4	
3577.6	
3528	
3635.2	
3513.6	
3507.2	
3619.2	
3448	
3643.2	
3587.2	
3560	
3585.6	
3700.8	
3606.4	
3572.8	
3555.2	
3529.6	
3593.6	
3451.2	
3491.2	
3420.8	
3422.4	
3512	
3464	
3451.2	
3608	
3582.4	
3520	
3516.8	
3529.6	
3576	
3491.2	
3622.4	
3534.4	
3593.6	
3425.6	
3603.2	
3606.4	
3675.2	
3526.4	
3574.4	
3505.6	
3473.6	
3630.4	
3456	
3366.4	
3625.6	
3499.2	
3593.6	
3678.4	
3513.6	
3580.8	
3465.6	
3561.6	
3563.2	
3705.6	
3628.8	
3476.8	
3580.8	
3478.4	
3580.8	
3558.4	
3451.2	
3438.4	
3564.8	
3457.6	
3460.8	
3659.2	
3636.8	
3569.6	
3716.8	
3616	
3441.6	
3491.2	
3515.2	
3529.6	
3404.8	
3529.6	
3467.2	
3518.4	
3531.2	
3486.4	
3473.6	
3563.2	
3520	
3500.8	
3398.4	
3484.8	
3529.6	
3595.2	
3481.6	
3438.4	
3488	
3500.8	
3556.8	
3528	
3465.6	
3345.6	
3419.2	
3563.2	
3508.8	
3604.8	
3398.4	
3504	
3561.6	
3516.8	
3560	
3552	
3419.2	
3432	
3508.8	
3467.2	
3508.8	
3443.2	
3448	
3457.6	
3515.2	
3556.8	
3428.8	
3521.6	
3515.2	
3625.6	
3480	
3667.2	
3558.4	
3544	
3528	
3526.4	
3524.8	
3494.4	
3428.8	
3560	
3528	
3577.6	
3582.4	
3675.2	
3536	
3534.4	
3550.4	
3638.4	
3612.8	
3572.8	
3598.4	
3641.6	
3537.6	
3603.2	
3592	
3556.8	
3588.8	
3379.2	
3497.6	
3345.6	
3603.2	
3526.4	
3505.6	
3540.8	
3649.6	
3592	
3675.2	
3555.2	
3523.2	
3529.6	
3459.2	
3657.6	
3665.6	
3620.8	
3542.4	
3656	
3550.4	
3640	
3520	
3452.8	
3420.8	
3652.8	
3504	
3534.4	
3568	
3572.8	
3636.8	
3500.8	
3507.2	
3584	
3616	
3572.8	
3460.8	
3465.6	
3604.8	
3518.4	
3457.6	
3531.2	
3454.4	
3624	
3577.6	
3379.2	
3537.6	
3555.2	
3504	
3459.2	
3566.4	
3520	
3572.8	
3497.6	
3464	
3564.8	
3446.4	
3638.4	
3705.6	
3499.2	
3540.8	
3518.4	
3480	
3475.2	
3507.2	
3598.4	
3476.8	
3550.4	
3478.4	
3585.6	
3528	
3508.8	
3539.2	
3505.6	
3483.2	
3492.8	
3518.4	
3492.8	
3668.8	
3577.6	
3547.2	
3688	
3529.6	
3625.6	
3481.6	
3587.2	
3417.6	
3580.8	
3624	
3534.4	
3705.6	
3691.2	
3683.2	
3584	
3435.2	
3507.2	
3524.8	
3468.8	
3558.4	
3582.4	
3523.2	
3532.8	
3665.6	
3470.4	
3462.4	
3417.6	
3609.6	
3446.4	
3515.2	
3454.4	
3537.6	
3419.2	
3513.6	
3580.8	
3628.8	
3718.4	
3827.2	
3648	
3657.6	
3582.4	
3390.4	
3364.8	
3424	
3444.8	
3454.4	
3510.4	
3403.2	
3507.2	
3428.8	
3462.4	
3544	
3481.6	
3636.8	
3716.8	
3577.6	
3619.2	
3595.2	
3577.6	
3608	
3486.4	
3448	
3513.6	
3582.4	
3612.8	
3505.6	
3584	
3500.8	
3564.8	
3571.2	
3528	
3547.2	
3585.6	
3636.8	
3540.8	
3403.2	
3494.4	
3608	
3555.2	
3625.6	
3456	
3451.2	
3424	
3558.4	
3489.6	
3646.4	
3596.8	
3449.6	
3440	
3568	
3486.4	
3625.6	
3611.2	
3643.2	
3473.6	
3646.4	
3720	
3673.6	
3731.2	
3441.6	
3521.6	
3635.2	
3761.6	
3568	
3462.4	
3518.4	
3545.6	
3638.4	
3572.8	
3681.6	
3595.2	
3481.6	
3524.8	
3534.4	
3555.2	
3516.8	
3488	
3539.2	
3516.8	
3536	
3612.8	
3574.4	
3558.4	
3544	
3464	
3585.6	
3540.8	
3420.8	
3593.6	
3561.6	
3556.8	
3606.4	
3668.8	
3556.8	
3636.8	
3673.6	
3500.8	
3563.2	
3566.4	
3595.2	
3584	
3465.6	
3496	
3539.2	
3584	
3622.4	
3552	
3620.8	
3611.2	
3628.8	
3656	
3539.2	
3481.6	
3489.6	
3715.2	
3504	
3435.2	
3515.2	
3548.8	
3460.8	
3492.8	
3547.2	
3420.8	
3625.6	
3572.8	
3552	
3614.4	
3572.8	
3672	
3489.6	
3401.6	
3433.6	
3553.6	
3468.8	
3627.2	
3400	
3564.8	
3526.4	
3582.4	
3633.6	
3668.8	
3572.8	
3667.2	
3582.4	
3552	
3568	
3446.4	
3400	
3515.2	
3657.6	
3481.6	
3625.6	
3553.6	
3550.4	
3619.2	
3678.4	
3563.2	
3534.4	
3441.6	
3483.2	
3483.2	
3454.4	
3568	
3593.6	
3644.8	
3507.2	
3500.8	
3500.8	
3558.4	
3588.8	
3617.6	
3492.8	
3484.8	
3572.8	
3556.8	
3614.4	
3620.8	
3604.8	
3392	
3604.8	
3510.4	
3492.8	
3544	
3531.2	
3347.2	
3406.4	
3521.6	
3532.8	
3499.2	
3441.6	
3540.8	
3475.2	
3632	
3558.4	
3676.8	
3612.8	
3552	
3496	
3540.8	
3614.4	
3454.4	
3473.6	
3641.6	
3587.2	
3451.2	
3548.8	
3688	
3523.2	
3478.4	
3592	
3544	
3572.8	
3579.2	
3497.6	
3723.2	
3563.2	
3478.4	
3448	
3376	
3699.2	
3713.6	
3625.6	
3531.2	
3572.8	
3536	
3520	
3489.6	
3548.8	
3468.8	
3571.2	
3544	
3563.2	
3614.4	
3611.2	
3552	
3619.2	
3488	
3568	
3604.8	
3489.6	
3601.6	
3363.2	
3374.4	
3345.6	
3459.2	
3457.6	
3537.6	
3472	
3531.2	
3612.8	
3496	
3468.8	
3619.2	
3593.6	
3600	
3540.8	
3440	
3576	
3548.8	
3563.2	
3505.6	
3505.6	
3632	
3588.8	
3635.2	
3600	
3529.6	
3534.4	
3505.6	
3619.2	
3478.4	
3659.2	
3572.8	
3556.8	
3508.8	
3467.2	
3547.2	
3675.2	
3552	
3540.8	
3520	
3470.4	
3587.2	
3614.4	
3520	
3529.6	
3566.4	
3504	
3523.2	
3540.8	
3513.6	
3433.6	
3577.6	
3680	
3696	
3584	
3584	
3497.6	
3507.2	
3438.4	
3464	
3497.6	
3412.8	
3497.6	
3488	
3473.6	
3404.8	
3472	
3563.2	
3577.6	
3572.8	
3547.2	
3446.4	
3622.4	
3670.4	
3632	
3588.8	
3604.8	
3484.8	
3451.2	
3612.8	
3531.2	
3491.2	
3499.2	
3542.4	
3574.4	
3568	
3662.4	
3523.2	
3460.8	
3548.8	
3512	
3568	
3547.2	
3520	
3414.4	
3436.8	
3537.6	
3595.2	
3500.8	
3590.4	
3542.4	
3579.2	
3505.6	
3452.8	
3476.8	
3475.2	
3496	
3561.6	
3612.8	
3486.4	
3576	
3648	
3614.4	
3662.4	
3622.4	
3537.6	
3596.8	
3668.8	
3512	
3497.6	
3464	
3382.4	
3544	
3532.8	
3548.8	
3475.2	
3552	
3713.6	
3652.8	
3657.6	
3652.8	
3633.6	
3524.8	
3502.4	
3515.2	
3526.4	
3668.8	
3688	
3496	
3603.2	
3635.2	
3579.2	
3667.2	
3660.8	
3644.8	
3646.4	
3744	
3670.4	
3528	
3704	
3606.4	
3507.2	
3550.4	
3659.2	
3555.2	
3568	
3508.8	
3657.6	
3544	
3633.6	
3740.8	
3756.8	
3646.4	
3657.6	
3532.8	
3617.6	
3600	
3467.2	
3515.2	
3512	
3520	
3681.6	
3550.4	
3569.6	
3512	
3518.4	
3524.8	
3608	
3548.8	
3592	
3528	
3595.2	
3524.8	
3497.6	
3620.8	
3572.8	
3601.6	
3648	
3705.6	
3363.2	
3497.6	
3611.2	
3640	
3601.6	
3526.4	
3451.2	
3532.8	
3488	
3524.8	
3544	
3508.8	
3566.4	
3448	
3524.8	
3465.6	
3528	
3593.6	
3545.6	
3529.6	
3664	
3526.4	
3604.8	
3569.6	
3488	
3488	
3603.2	
3396.8	
3531.2	
3432	
3507.2	
3478.4	
3521.6	
3558.4	
3473.6	
3448	
3574.4	
3564.8	
3617.6	
3496	
3515.2	
3502.4	
3409.6	
3475.2	
3483.2	
3657.6	
3699.2	
3579.2	
3566.4	
3475.2	
3590.4	
3532.8	
3595.2	
3569.6	
3603.2	
3587.2	
3540.8	
3572.8	
3584	
3662.4	
3592	
3651.2	
3404.8	
3441.6	
3499.2	
3673.6	
3633.6	
3550.4	
3571.2	
3395.2	
3563.2	
3660.8	
3670.4	
3464	
3587.2	
3510.4	
3540.8	
3468.8	
3552	
3612.8	
3537.6	
3553.6	
3516.8	
3580.8	
3686.4	
3659.2	
3712	
3673.6	
3676.8	
3625.6	
3651.2	
3539.2	
3481.6	
3587.2	
3499.2	
3544	
3596.8	
3611.2	
3630.4	
3419.2	
3486.4	
3483.2	
3584	
3512	
3553.6	
3539.2	
3524.8	
3547.2	
3504	
3776	
3758.4	
3518.4	
3454.4	
3385.6	
3536	
3619.2	
3523.2	
3491.2	
3504	
3526.4	
3529.6	
3566.4	
3574.4	
3454.4	
3603.2	
3617.6	
3540.8	
3507.2	
3534.4	
3528	
3531.2	
3436.8	
3614.4	
3531.2	
3491.2	
3300.8	
3590.4	
3592	
3592	
3574.4	
3520	
3464	
3603.2	
3561.6	
3505.6	
3584	
3624	
3616	
3540.8	
3508.8	
3481.6	
3452.8	
3545.6	
3568	
3572.8	
3550.4	
3393.6	
3444.8	
3494.4	
3595.2	
3632	
3651.2	
3587.2	
3536	
3556.8	
3502.4	
3627.2	
3636.8	
3582.4	
3563.2	
3459.2	
3507.2	
3462.4	
3529.6	
3572.8	
3588.8	
3400	
3332.8	
3590.4	
3612.8	
3633.6	
3624	
3545.6	
3627.2	
3528	
3611.2	
3595.2	
3662.4	
3592	
3446.4	
3590.4	
3616	
3564.8	
3451.2	
3419.2	
3542.4	
3544	
3614.4	
3620.8	
3540.8	
3652.8	
3622.4	
3660.8	
3612.8	
3457.6	
3406.4	
3563.2	
3416	
3540.8	
3681.6	
3566.4	
3550.4	
3587.2	
3521.6	
3540.8	
3568	
3552	
3675.2	
3643.2	
3617.6	
3560	
3552	
3604.8	
3491.2	
3515.2	
3521.6	
3550.4	
3636.8	
3601.6	
3601.6	
3456	
3499.2	
3571.2	
3563.2	
3582.4	
3484.8	
3758.4	
3702.4	
3696	
3542.4	
3536	
3523.2	
3598.4	
3473.6	
3449.6	
3588.8	
3577.6	
3608	
3446.4	
3504	
3548.8	
3484.8	
3588.8	
3580.8	
3571.2	
3531.2	
3524.8	
3582.4	
3592	
3484.8	
3534.4	
3627.2	
3499.2	
3547.2	
3497.6	
3470.4	
3587.2	
3478.4	
3656	
3566.4	
3539.2	
3531.2	
3360	
3480	
3520	
3547.2	
3604.8	
3659.2	
3552	
3576	
3531.2	
3536	
3536	
3481.6	
3616	
3560	
3553.6	
3632	
3664	
3516.8	
3494.4	
3489.6	
3571.2	
3502.4	
3465.6	
3512	
3425.6	
3500.8	
3560	
3475.2	
3577.6	
3473.6	
3524.8	
3412.8	
3550.4	
3603.2	
3460.8	
3417.6	
3366.4	
3483.2	
3444.8	
3428.8	
3451.2	
3505.6	
3496	
3478.4	
3598.4	
3476.8	
3470.4	
3540.8	
3635.2	
3544	
3641.6	
3606.4	
3500.8	
3601.6	
3588.8	
3531.2	
3508.8	
3432	
3652.8	
3481.6	
3382.4	
3619.2	
3528	
3457.6	
3473.6	
3534.4	
3651.2	
3560	
3556.8	
3630.4	
3561.6	
3609.6	
3561.6	
3472	
3545.6	
3636.8	
3654.4	
3708.8	
3662.4	
3649.6	
3593.6	
3595.2	
3572.8	
3700.8	
3644.8	
3526.4	
3550.4	
3449.6	
3502.4	
3459.2	
3548.8	
3547.2	
3574.4	
3542.4	
3529.6	
3492.8	
3430.4	
3451.2	
3428.8	
3400	
3428.8	
3480	
3484.8	
3524.8	
3451.2	
3556.8	
3560	
3435.2	
3560	
3388.8	
3641.6	
3467.2	
3572.8	
3564.8	
3550.4	
3540.8	
3659.2	
3497.6	
3604.8	
3596.8	
3596.8	
3612.8	
3572.8	
3524.8	
3446.4	
3481.6	
3529.6	
3721.6	
3644.8	
3643.2	
3617.6	
3504	
3604.8	
3664	
3670.4	
3614.4	
3467.2	
3523.2	
3515.2	
3683.2	
3473.6	
3459.2	
3512	
3516.8	
3649.6	
3531.2	
3472	
3571.2	
3609.6	
3520	
3443.2	
3451.2	
3529.6	
3571.2	
3595.2	
3617.6	
3617.6	
3582.4	
3542.4	
3544	
3582.4	
3489.6	
3508.8	
3635.2	
3590.4	
3568	
3656	
3646.4	
3635.2	
3598.4	
3494.4	
3336	
3478.4	
3508.8	
3675.2	
3574.4	
3486.4	
3729.6	
3606.4	
3651.2	
3550.4	
3518.4	
3483.2	
3499.2	
3582.4	
3606.4	
3548.8	
3377.6	
3561.6	
3516.8	
3540.8	
3576	
3491.2	
3632	
3523.2	
3483.2	
3510.4	
3593.6	
3585.6	
3536	
3603.2	
3707.2	
3638.4	
3616	
3422.4	
3438.4	
3430.4	
3516.8	
3497.6	
3512	
3497.6	
3544	
3656	
3646.4	
3584	
3633.6	
3582.4	
3524.8	
3521.6	
3401.6	
3473.6	
3646.4	
3640	
3574.4	
3518.4	
3464	
3502.4	
3518.4	
3620.8	
3588.8	
3540.8	
3515.2	
3526.4	
3518.4	
3480	
3576	
3539.2	
3584	
3660.8	
3528	
3507.2	
3579.2	
3664	
3424	
3400	
3584	
3660.8	
3576	
3699.2	
3614.4	
3598.4	
3603.2	
3707.2	
3494.4	
3542.4	
3432	
3449.6	
3440	
3531.2	
3478.4	
3588.8	
3515.2	
3404.8	
3596.8	
3611.2	
3416	
3526.4	
3635.2	
3673.6	
3646.4	
3584	
3516.8	
3323.2	
3472	
3521.6	
3440	
3577.6	
3649.6	
3657.6	
3507.2	
3513.6	
3558.4	
3531.2	
3556.8	
3508.8	
3553.6	
3571.2	
3619.2	
3595.2	
3456	
3513.6	
3579.2	
3502.4	
3571.2	
3547.2	
3408	
3508.8	
3576	
3502.4	
3446.4	
3460.8	
3563.2	
3672	
3622.4	
3462.4	
3532.8	
3470.4	
3451.2	
3552	
3563.2	
3678.4	
3745.6	
3587.2	
3646.4	
3622.4	
3528	
3550.4	
3606.4	
3662.4	
3662.4	
3544	
3566.4	
3502.4	
3540.8	
3563.2	
3579.2	
3590.4	
3571.2	
3508.8	
3608	
3563.2	
3510.4	
3550.4	
3600	
3536	
3435.2	
3574.4	
3603.2	
3595.2	
3633.6	
3556.8	
3548.8	
3520	
3372.8	
3401.6	
3489.6	
3660.8	
3576	
3569.6	
3521.6	
3532.8	
3532.8	
3569.6	
3528	
3572.8	
3577.6	
3662.4	
3590.4	
3523.2	
3592	
3619.2	
3553.6	
3539.2	
3417.6	
3480	
3528	
3668.8	
3643.2	
3587.2	
3572.8	
3468.8	
3441.6	
3652.8	
3582.4	
3438.4	
3537.6	
3662.4	
3600	
3555.2	
3612.8	
3544	
3555.2	
3617.6	
3428.8	
3424	
3443.2	
3411.2	
3470.4	
3424	
3576	
3545.6	
3568	
3568	
3662.4	
3558.4	
3518.4	
3464	
3552	
3579.2	
3465.6	
3624	
3502.4	
3686.4	
3692.8	
3700.8	
3654.4	
3560	
3507.2	
3481.6	
3531.2	
3582.4	
3560	
3547.2	
3678.4	
3588.8	
3632	
3604.8	
3560	
3571.2	
3500.8	
3512	
3547.2	
3601.6	
3531.2	
3526.4	
3556.8	
3494.4	
3553.6	
3571.2	
3524.8	
3382.4	
3472	
3628.8	
3600	
3512	
3515.2	
3524.8	
3622.4	
3568	
3454.4	
3528	
3484.8	
3520	
3449.6	
3563.2	
3516.8	
3574.4	
3600	
3657.6	
3670.4	
3528	
3473.6	
3492.8	
3664	
3648	
3499.2	
3604.8	
3521.6	
3582.4	
3489.6	
3448	
3438.4	
3529.6	
3561.6	
3536	
3542.4	
3582.4	
3515.2	
3528	
3412.8	
3488	
3627.2	
3427.2	
3387.2	
3419.2	
3465.6	
3467.2	
3619.2	
3553.6	
3604.8	
3542.4	
3435.2	
3553.6	
3531.2	
3547.2	
3456	
3548.8	
3542.4	
3593.6	
3436.8	
3572.8	
3582.4	
3521.6	
3480	
3534.4	
3488	
3499.2	
3531.2	
3396.8	
3564.8	
3417.6	
3428.8	
3574.4	
3552	
3582.4	
3472	
3612.8	
3729.6	
3683.2	
3700.8	
3688	
3537.6	
3536	
3600	
3585.6	
3478.4	
3624	
3608	
3611.2	
3560	
3529.6	
3598.4	
3396.8	
3464	
3382.4	
3577.6	
3547.2	
3419.2	
3686.4	
3481.6	
3531.2	
3508.8	
3579.2	
3649.6	
3603.2	
3659.2	
3651.2	
3590.4	
3536	
3545.6	
3537.6	
3488	
3547.2	
3556.8	
3572.8	
3603.2	
3632	
3632	
3539.2	
3529.6	
3540.8	
3577.6	
3504	
3584	
3603.2	
3476.8	
3513.6	
3526.4	
3696	
3560	
3544	
3460.8	
3564.8	
3497.6	
3660.8	
3545.6	
3470.4	
3488	
3595.2	
3587.2	
3468.8	
3609.6	
3539.2	
3553.6	
3569.6	
3520	
3545.6	
3528	
3521.6	
3587.2	
3512	
3492.8	
3608	
3600	
3444.8	
3380.8	
3548.8	
3524.8	
3440	
3524.8	
3561.6	
3590.4	
3520	
3603.2	
3462.4	
3494.4	
3601.6	
3544	
3566.4	
3472	
3585.6	
3540.8	
3531.2	
3472	
3596.8	
3632	
3513.6	
3388.8	
3534.4	
3628.8	
3609.6	
3606.4	
3593.6	
3521.6	
3659.2	
3488	
3516.8	
3502.4	
3651.2	
3556.8	
3561.6	
3654.4	
3633.6	
3705.6	
3464	
3406.4	
3579.2	
3580.8	
3579.2	
3572.8	
3491.2	
3488	
3417.6	
3435.2	
3523.2	
3404.8	
3484.8	
3528	
3425.6	
3516.8	
3555.2	
3571.2	
3588.8	
3582.4	
3552	
3540.8	
3475.2	
3459.2	
3481.6	
3464	
3500.8	
3534.4	
3587.2	
3585.6	
3587.2	
3672	
3507.2	
3644.8	
3520	
3518.4	
3574.4	
3427.2	
3520	
3566.4	
3377.6	
3414.4	
3489.6	
3515.2	
3531.2	
3435.2	
3403.2	
3560	
3728	
3649.6	
3720	
3520	
3545.6	
3616	
3371.2	
3486.4	
3396.8	
3460.8	
3425.6	
3425.6	
3537.6	
3561.6	
3507.2	
3537.6	
3568	
3590.4	
3531.2	
3617.6	
3544	
3376	
3558.4	
3523.2	
3448	
3462.4	
3486.4	
3486.4	
3548.8	
3643.2	
3651.2	
3678.4	
3606.4	
3603.2	
3428.8	
3577.6	
3563.2	
3619.2	
3651.2	
3651.2	
3608	
3564.8	
3553.6	
3582.4	
3609.6	
3620.8	
3515.2	
3614.4	
3619.2	
3604.8	
3436.8	
3568	
3624	
3560	
3464	
3508.8	
3438.4	
3448	
3542.4	
3534.4	
3531.2	
3630.4	
3580.8	
3611.2	
3619.2	
3483.2	
3465.6	
3636.8	
3686.4	
3550.4	
3654.4	
3616	
3568	
3566.4	
3691.2	
3688	
3576	
3632	
3488	
3566.4	
3603.2	
3542.4	
3508.8	
3513.6	
3430.4	
3508.8	
3508.8	
3561.6	
3500.8	
3452.8	
3584	
3473.6	
3692.8	
3712	
3587.2	
3696	
3595.2	
3588.8	
3622.4	
3500.8	
3507.2	
3577.6	
3568	
3524.8	
3536	
3505.6	
3534.4	
3632	
3628.8	
3617.6	
3499.2	
3651.2	
3553.6	
3593.6	
3582.4	
3542.4	
3600	
3547.2	
3649.6	
3496	
3443.2	
3598.4	
3548.8	
3598.4	
3606.4	
3628.8	
3548.8	
3729.6	
3664	
3545.6	
3505.6	
3512	
3620.8	
3633.6	
3649.6	
3392	
3505.6	
3475.2	
3563.2	
3662.4	
3633.6	
3499.2	
3483.2	
3468.8	
3529.6	
3448	
3473.6	
3486.4	
3510.4	
3662.4	
3616	
3486.4	
3539.2	
3596.8	
3568	
3513.6	
3520	
3564.8	
3609.6	
3640	
3641.6	
3633.6	
3537.6	
3526.4	
3483.2	
3587.2	
3604.8	
3580.8	
3584	
3494.4	
3569.6	
3532.8	
3593.6	
3659.2	
3545.6	
3580.8	
3465.6	
3604.8	
3587.2	
3488	
3553.6	
3635.2	
3662.4	
3628.8	
3553.6	
3540.8	
3579.2	
3553.6	
3491.2	
3625.6	
3529.6	
3425.6	
3481.6	
3452.8	
3547.2	
3521.6	
3566.4	
3480	
3532.8	
3601.6	
3612.8	
3620.8	
3532.8	
3507.2	
3510.4	
3425.6	
3616	
3529.6	
3584	
3704	
3656	
3680	
3648	
3576	
3504	
3486.4	
3528	
3547.2	
3400	
3587.2	
3564.8	
3582.4	
3496	
3553.6	
3596.8	
3747.2	
3612.8	
3664	
3592	
3547.2	
3537.6	
3560	
3587.2	
3574.4	
3561.6	
3558.4	
3550.4	
3574.4	
3558.4	
3380.8	
3427.2	
3465.6	
3443.2	
3480	
3475.2	
3560	
3611.2	
3372.8	
3604.8	
3614.4	
3553.6	
3425.6	
3531.2	
3465.6	
3507.2	
3516.8	
3577.6	
3368	
3480	
3569.6	
3652.8	
3584	
3534.4	
3603.2	
3558.4	
3553.6	
3502.4	
3683.2	
3569.6	
3640	
3468.8	
3366.4	
3481.6	
3544	
3528	
3516.8	
3526.4	
3596.8	
3672	
3686.4	
3604.8	
3574.4	
3700.8	
3555.2	
3588.8	
3473.6	
3531.2	
3584	
3587.2	
3524.8	
3580.8	
3558.4	
3403.2	
3558.4	
3592	
3550.4	
3491.2	
3536	
3668.8	
3609.6	
3420.8	
3440	
3539.2	
3646.4	
3550.4	
3569.6	
3515.2	
3483.2	
3588.8	
3480	
3550.4	
3587.2	
3532.8	
3704	
3680	
3603.2	
3552	
3627.2	
3502.4	
3499.2	
3451.2	
3521.6	
3500.8	
3420.8	
3588.8	
3438.4	
3600	
3553.6	
3459.2	
3547.2	
3587.2	
3523.2	
3534.4	
3534.4	
3577.6	
3563.2	
3587.2	
3598.4	
3507.2	
3579.2	
3572.8	
3494.4	
3523.2	
3529.6	
3512	
3512	
3561.6	
3496	
3550.4	
3544	
3584	
3492.8	
3558.4	
3553.6	
3659.2	
3662.4	
3603.2	
3620.8	
3489.6	
3587.2	
3590.4	
3515.2	
3452.8	
3475.2	
3516.8	
3532.8	
3462.4	
3547.2	
3640	
3558.4	
3566.4	
3488	
3604.8	
3622.4	
3478.4	
3614.4	
3750.4	
3508.8	
3502.4	
3510.4	
3616	
3710.4	
3555.2	
3606.4	
3705.6	
3608	
3689.6	
3470.4	
3444.8	
3500.8	
3550.4	
3508.8	
3504	
3548.8	
3515.2	
3488	
3572.8	
3483.2	
3467.2	
3614.4	
3448	
3568	
3584	
3627.2	
3656	
3582.4	
3574.4	
3721.6	
3667.2	
3585.6	
3496	
3524.8	
3550.4	
3598.4	
3476.8	
3516.8	
3507.2	
3705.6	
3481.6	
3539.2	
3556.8	
3641.6	
3544	
3545.6	
3648	
3640	
3568	
3520	
3601.6	
3612.8	
3545.6	
3523.2	
3694.4	
3569.6	
3592	
3574.4	
3636.8	
3510.4	
3548.8	
3532.8	
3484.8	
3566.4	
3550.4	
3483.2	
3476.8	
3505.6	
3452.8	
3425.6	
3520	
3496	
3508.8	
3542.4	
3515.2	
3574.4	
3409.6	
3555.2	
3512	
3508.8	
3491.2	
3425.6	
3467.2	
3571.2	
3572.8	
3646.4	
3444.8	
3504	
3532.8	
3609.6	
3590.4	
3574.4	
3532.8	
3593.6	
3536	
3612.8	
3601.6	
3502.4	
3504	
3630.4	
3630.4	
3508.8	
3512	
3499.2	
3406.4	
3612.8	
3500.8	
3628.8	
3630.4	
3644.8	
3548.8	
3577.6	
3654.4	
3713.6	
3624	
3483.2	
3508.8	
3396.8	
3457.6	
3499.2	
3476.8	
3504	
3518.4	
3484.8	
3513.6	
3428.8	
3411.2	
3600	
3392	
3556.8	
3494.4	
3548.8	
3556.8	
3548.8	
3433.6	
3577.6	
3481.6	
3532.8	
3614.4	
3529.6	
3649.6	
3577.6	
3516.8	
3481.6	
3513.6	
3496	
3452.8	
3444.8	
3518.4	
3521.6	
3584	
3579.2	
3760	
3600	
3700.8	
3582.4	
3424	
3518.4	
3595.2	
3620.8	
3692.8	
3657.6	
3505.6	
3470.4	
3518.4	
3480	
3505.6	
3569.6	
3452.8	
3625.6	
3526.4	
3564.8	
3649.6	
3625.6	
3574.4	
3603.2	
3611.2	
3675.2	
3633.6	
3606.4	
3624	
3520	
3518.4	
3521.6	
3532.8	
3443.2	
3540.8	
3444.8	
3544	
3507.2	
3531.2	
3528	
3545.6	
3532.8	
3558.4	
3600	
3500.8	
3579.2	
3542.4	
3486.4	
3456	
3568	
3481.6	
3499.2	
3576	
3552	
3552	
3491.2	
3608	
3390.4	
3563.2	
3534.4	
3563.2	
3521.6	
3592	
3507.2	
3520	
3537.6	
3472	
3531.2	
3529.6	
3584	
3520	
3574.4	
3516.8	
3502.4	
3486.4	
3667.2	
3636.8	
3545.6	
3721.6	
3520	
3489.6	
3587.2	
3696	
3545.6	
3584	
3608	
3641.6	
3635.2	
3547.2	
3568	
3440	
3430.4	
3617.6	
3497.6	
3529.6	
3555.2	
3568	
3592	
3652.8	
3684.8	
3529.6	
3505.6	
3499.2	
3446.4	
3473.6	
3564.8	
3574.4	
3560	
3728	
3456	
3497.6	
3561.6	
3537.6	
3576	
3651.2	
3608	
3670.4	
3772.8	
3622.4	
3614.4	
3515.2	
3537.6	
3638.4	
3539.2	
3785.6	
3670.4	
3688	
3636.8	
3417.6	
3592	
3449.6	
3552	
3542.4	
3465.6	
3644.8	
3552	
3568	
3622.4	
3395.2	
3548.8	
3524.8	
3539.2	
3550.4	
3529.6	
3518.4	
3580.8	
3520	
3502.4	
3593.6	
3553.6	
3448	
3483.2	
3547.2	
3587.2	
3620.8	
3592	
3582.4	
3432	
3616	
3393.6	
3600	
3630.4	
3740.8	
3593.6	
3587.2	
3465.6	
3550.4	
3580.8	
3544	
3505.6	
3444.8	
3428.8	
3526.4	
3449.6	
3462.4	
3502.4	
3560	
3600	
3548.8	
3390.4	
3523.2	
3612.8	
3667.2	
3628.8	
3686.4	
3504	
3467.2	
3440	
3441.6	
3550.4	
3457.6	
3480	
3473.6	
3504	
3585.6	
3590.4	
3500.8	
3460.8	
3468.8	
3587.2	
3475.2	
3620.8	
3531.2	
3558.4	
3649.6	
3408	
3513.6	
3571.2	
3588.8	
3537.6	
3553.6	
3563.2	
3576	
3531.2	
3697.6	
3683.2	
3600	
3470.4	
3452.8	
3513.6	
3553.6	
3507.2	
3467.2	
3470.4	
3499.2	
3465.6	
3595.2	
3472	
3505.6	
3566.4	
3521.6	
3641.6	
3652.8	
3619.2	
3718.4	
3595.2	
3518.4	
3617.6	
3576	
3494.4	
3440	
3432	
3518.4	
3420.8	
3465.6	
3488	
3627.2	
3561.6	
3532.8	
3457.6	
3571.2	
3508.8	
3468.8	
3520	
3486.4	
3537.6	
3459.2	
3419.2	
3467.2	
3422.4	
3508.8	
3480	
3584	
3531.2	
3520	
3571.2	
3492.8	
3572.8	
3438.4	
3500.8	
3537.6	
3518.4	
3620.8	
3600	
3587.2	
3520	
3568	
3577.6	
3348.8	
3459.2	
3476.8	
3552	
3596.8	
3566.4	
3566.4	
3462.4	
3540.8	
3566.4	
3622.4	
3588.8	
3542.4	
3505.6	
3582.4	
3486.4	
3552	
3467.2	
3468.8	
3619.2	
3555.2	
3496	
3660.8	
3593.6	
3590.4	
3625.6	
3409.6	
3577.6	
3483.2	
3577.6	
3484.8	
3528	
3577.6	
3582.4	
3480	
3448	
3372.8	
3422.4	
3539.2	
3593.6	
3627.2	
3676.8	
3598.4	
3614.4	
3558.4	
3614.4	
3467.2	
3441.6	
3476.8	
3627.2	
3612.8	
3548.8	
3580.8	
3500.8	
3332.8	
3420.8	
3486.4	
3489.6	
3596.8	
3561.6	
3644.8	
3763.2	
3721.6	
3700.8	
3659.2	
3606.4	
3608	
3630.4	
3619.2	
3601.6	
3497.6	
3502.4	
3470.4	
3654.4	
3654.4	
3513.6	
3444.8	
3537.6	
3547.2	
3502.4	
3387.2	
3536	
3593.6	
3537.6	
3688	
3542.4	
3596.8	
3563.2	
3672	
3611.2	
3576	
3528	
3499.2	
3524.8	
3568	
3622.4	
3620.8	
3588.8	
3563.2	
3660.8	
3574.4	
3531.2	
3656	
3492.8	
3660.8	
3648	
3523.2	
3560	
3528	
3582.4	
3582.4	
3622.4	
3496	
3598.4	
3651.2	
3606.4	
3568	
3532.8	
3606.4	
3492.8	
3550.4	
3678.4	
3508.8	
3452.8	
3604.8	
3552	
3635.2	
3638.4	
3537.6	
3497.6	
3614.4	
3550.4	
3544	
3537.6	
3526.4	
3515.2	
3600	
3436.8	
3435.2	
3564.8	
3576	
3510.4	
3604.8	
3534.4	
3508.8	
3544	
3539.2	
3577.6	
3710.4	
3553.6	
3640	
3670.4	
3478.4	
3539.2	
3444.8	
3491.2	
3652.8	
3558.4	
3571.2	
3582.4	
3393.6	
3550.4	
3518.4	
3504	
3523.2	
3708.8	
3553.6	
3460.8	
3686.4	
3524.8	
3347.2	
3440	
3496	
3496	
3419.2	
3500.8	
3667.2	
3483.2	
3547.2	
3576	
3627.2	
3508.8	
3640	
3601.6	
3640	
3585.6	
3632	
3521.6	
3398.4	
3564.8	
3726.4	
3496	
3468.8	
3473.6	
3502.4	
3702.4	
3595.2	
3667.2	
3620.8	
3444.8	
3449.6	
3566.4	
3449.6	
3412.8	
3499.2	
3489.6	
3416	
3526.4	
3496	
3588.8	
3569.6	
3625.6	
3684.8	
3488	
3675.2	
3603.2	
3675.2	
3542.4	
3660.8	
3528	
3569.6	
3489.6	
3552	
3598.4	
3651.2	
3480	
3516.8	
3555.2	
3635.2	
3576	
3534.4	
3579.2	
3606.4	
3665.6	
3544	
3584	
3601.6	
3516.8	
3459.2	
3537.6	
3488	
3555.2	
3537.6	
3532.8	
3502.4	
3468.8	
3550.4	
3683.2	
3561.6	
3576	
3504	
3478.4	
3553.6	
3468.8	
3531.2	
3548.8	
3612.8	
3523.2	
3553.6	
3512	
3468.8	
3576	
3612.8	
3555.2	
3550.4	
3659.2	
3584	
3665.6	
3689.6	
3588.8	
3646.4	
3600	
3492.8	
3422.4	
3572.8	
3454.4	
3552	
3622.4	
3628.8	
3620.8	
3552	
3384	
3592	
3616	
3561.6	
3548.8	
3492.8	
3633.6	
3585.6	
3504	
3649.6	
3481.6	
3440	
3633.6	
3625.6	
3433.6	
3611.2	
3496	
3339.2	
3452.8	
3489.6	
3475.2	
3499.2	
3649.6	
3657.6	
3571.2	
3625.6	
3582.4	
3699.2	
3659.2	
3499.2	
3512	
3470.4	
3419.2	
3534.4	
3524.8	
3697.6	
3566.4	
3502.4	
3425.6	
3500.8	
3614.4	
3563.2	
3537.6	
3612.8	
3560	
3488	
3539.2	
3516.8	
3560	
3611.2	
3609.6	
3611.2	
3563.2	
3611.2	
3561.6	
3667.2	
3593.6	
3635.2	
3731.2	
3604.8	
3473.6	
3568	
3481.6	
3518.4	
3560	
3483.2	
3576	
3464	
3600	
3500.8	
3504	
3598.4	
3484.8	
3598.4	
3646.4	
3681.6	
3539.2	
3667.2	
3579.2	
3539.2	
3625.6	
3656	
3702.4	
3561.6	
3612.8	
3524.8	
3587.2	
3401.6	
3529.6	
3547.2	
3612.8	
3491.2	
3489.6	
3532.8	
3600	
3576	
3606.4	
3617.6	
3528	
3494.4	
3552	
3657.6	
3468.8	
3540.8	
3480	
3534.4	
3550.4	
3574.4	
3459.2	
3412.8	
3515.2	
3531.2	
3524.8	
3593.6	
3590.4	
3659.2	
3646.4	
3654.4	
3524.8	
3467.2	
3420.8	
3542.4	
3561.6	
3492.8	
3478.4	
3513.6	
3473.6	
3713.6	
3624	
3561.6	
3545.6	
3643.2	
3564.8	
3513.6	
3566.4	
3497.6	
3560	
3571.2	
3547.2	
3547.2	
3414.4	
3476.8	
3473.6	
3592	
3571.2	
3524.8	
3552	
3633.6	
3417.6	
3516.8	
3609.6	
3609.6	
3515.2	
3657.6	
3526.4	
3595.2	
3400	
3456	
3558.4	
3555.2	
3569.6	
3548.8	
3585.6	
3561.6	
3475.2	
3592	
3644.8	
3515.2	
3646.4	
3707.2	
3593.6	
3472	
3414.4	
3481.6	
3491.2	
3707.2	
3596.8	
3740.8	
3704	
3425.6	
3577.6	
3553.6	
3737.6	
3590.4	
3577.6	
3526.4	
3571.2	
3465.6	
3532.8	
3553.6	
3504	
3648	
3648	
3441.6	
3534.4	
3550.4	
3524.8	
3619.2	
3555.2	
3451.2	
3660.8	
3553.6	
3497.6	
3416	
3572.8	
3568	
3576	
3494.4	
3478.4	
3456	
3473.6	
3459.2	
3654.4	
3627.2	
3675.2	
3542.4	
3584	
3481.6	
3563.2	
3492.8	
3598.4	
3459.2	
3646.4	
3556.8	
3561.6	
3569.6	
3617.6	
3494.4	
3491.2	
3550.4	
3582.4	
3633.6	
3540.8	
3449.6	
3452.8	
3502.4	
3574.4	
3542.4	
3497.6	
3467.2	
3620.8	
3476.8	
3560	
3512	
3652.8	
3518.4	
3576	
3524.8	
3608	
3483.2	
3566.4	
3659.2	
3632	
3700.8	
3515.2	
3478.4	
3462.4	
3524.8	
3473.6	
3460.8	
3478.4	
3542.4	
3537.6	
3441.6	
3473.6	
3588.8	
3488	
3577.6	
3481.6	
3470.4	
3515.2	
3563.2	
3536	
3584	
3502.4	
3563.2	
3569.6	
3528	
3457.6	
3494.4	
3496	
3622.4	
3507.2	
3521.6	
3555.2	
3507.2	
3564.8	
3457.6	
3646.4	
3569.6	
3520	
3576	
3619.2	
3555.2	
3462.4	
3622.4	
3539.2	
3544	
3508.8	
3475.2	
3532.8	
3376	
3611.2	
3750.4	
3552	
3500.8	
3472	
3470.4	
3499.2	
3476.8	
3459.2	
3540.8	
3550.4	
3636.8	
3657.6	
3721.6	
3729.6	
3737.6	
3731.2	
3558.4	
3518.4	
3566.4	
3606.4	
3604.8	
3577.6	
3539.2	
3660.8	
3539.2	
3576	
3604.8	
3660.8	
3564.8	
3486.4	
3569.6	
3580.8	
3553.6	
3540.8	
3526.4	
3616	
3528	
3435.2	
3529.6	
3580.8	
3542.4	
3440	
3457.6	
3411.2	
3456	
3480	
3481.6	
3582.4	
3668.8	
3492.8	
3582.4	
3646.4	
3608	
3516.8	
3622.4	
3550.4	
3622.4	
3473.6	
3456	
3484.8	
3595.2	
3548.8	
3633.6	
3625.6	
3587.2	
3638.4	
3558.4	
3606.4	
3643.2	
3616	
3569.6	
3576	
3561.6	
3603.2	
3592	
3545.6	
3609.6	
3654.4	
3475.2	
3400	
3523.2	
3580.8	
3595.2	
3569.6	
3566.4	
3582.4	
3632	
3568	
3713.6	
3497.6	
3579.2	
3560	
3460.8	
3566.4	
3424	
3593.6	
3449.6	
3411.2	
3460.8	
3491.2	
3572.8	
3734.4	
3638.4	
3537.6	
3470.4	
3552	
3600	
3457.6	
3505.6	
3627.2	
3593.6	
3622.4	
3638.4	
3512	
3444.8	
3542.4	
3622.4	
3569.6	
3526.4	
3521.6	
3486.4	
3483.2	
3526.4	
3611.2	
3609.6	
3574.4	
3633.6	
3392	
3555.2	
3584	
3571.2	
3553.6	
3571.2	
3502.4	
3492.8	
3505.6	
3540.8	
3579.2	
3628.8	
3574.4	
3548.8	
3576	
3448	
3571.2	
3456	
3505.6	
3452.8	
3427.2	
3467.2	
3588.8	
3652.8	
3539.2	
3494.4	
3652.8	
3673.6	
3568	
3564.8	
3584	
3604.8	
3566.4	
3526.4	
3569.6	
3601.6	
3822.4	
3579.2	
3553.6	
3486.4	
3571.2	
3604.8	
3606.4	
3550.4	
3595.2	
3598.4	
3667.2	
3548.8	
3606.4	
3606.4	
3600	
3670.4	
3526.4	
3492.8	
3632	
3441.6	
3606.4	
3563.2	
3710.4	
3643.2	
3619.2	
3516.8	
3728	
3432	
3579.2	
3582.4	
3736	
3545.6	
3398.4	
3528	
3624	
3563.2	
3646.4	
3662.4	
3630.4	
3696	
3752	
3510.4	
3398.4	
3540.8	
3521.6	
3700.8	
3633.6	
3694.4	
3576	
3564.8	
3553.6	
3528	
3518.4	
3441.6	
3561.6	
3497.6	
3592	
3521.6	
3611.2	
3632	
3480	
3593.6	
3673.6	
3614.4	
3534.4	
3648	
3622.4	
3548.8	
3571.2	
3609.6	
3592	
3668.8	
3606.4	
3702.4	
3528	
3542.4	
3502.4	
3667.2	
3668.8	
3606.4	
3515.2	
3659.2	
3694.4	
3572.8	
3448	
3516.8	
3598.4	
3513.6	
3608	
3630.4	
3507.2	
3497.6	
3656	
3537.6	
3620.8	
3600	
3598.4	
3507.2	
3532.8	
3579.2	
3468.8	
3571.2	
3513.6	
3371.2	
3395.2	
3566.4	
3496	
3681.6	
3600	
3564.8	
3572.8	
3360	
3576	
3572.8	
3664	
3504	
3633.6	
3651.2	
3544	
3470.4	
3492.8	
3544	
3579.2	
3574.4	
3588.8	
3569.6	
3499.2	
3537.6	
3512	
3550.4	
3646.4	
3444.8	
3499.2	
3537.6	
3484.8	
3467.2	
3520	
3542.4	
3462.4	
3620.8	
3548.8	
3561.6	
3561.6	
3572.8	
3577.6	
3619.2	
3512	
3508.8	
3473.6	
3472	
3523.2	
3465.6	
3436.8	
3523.2	
3508.8	
3534.4	
3531.2	
3545.6	
3512	
3432	
3606.4	
3523.2	
3598.4	
3568	
3582.4	
3486.4	
3409.6	
3545.6	
3659.2	
3601.6	
3571.2	
3566.4	
3590.4	
3529.6	
3500.8	
3587.2	
3550.4	
3564.8	
3628.8	
3609.6	
3508.8	
3416	
3396.8	
3580.8	
3601.6	
3491.2	
3552	
3537.6	
3611.2	
3520	
3633.6	
3611.2	
3502.4	
3580.8	
3494.4	
3588.8	
3476.8	
3473.6	
3484.8	
3513.6	
3387.2	
3488	
3401.6	
3403.2	
3500.8	
3617.6	
3624	
3737.6	
3620.8	
3635.2	
3616	
3672	
3672	
3614.4	
3470.4	
3472	
3385.6	
3489.6	
3579.2	
3456	
3499.2	
3582.4	
3512	
3585.6	
3553.6	
3478.4	
3544	
3616	
3643.2	
3572.8	
3625.6	
3660.8	
3638.4	
3555.2	
3721.6	
3617.6	
3512	
3571.2	
3548.8	
3462.4	
3462.4	
3518.4	
3500.8	
3499.2	
3532.8	
3492.8	
3505.6	
3422.4	
3550.4	
3499.2	
3507.2	
3494.4	
3353.6	
3433.6	
3510.4	
3436.8	
3460.8	
3580.8	
3476.8	
3456	
3513.6	
3512	
3590.4	
3608	
3636.8	
3491.2	
3614.4	
3518.4	
3577.6	
3470.4	
3496	
3518.4	
3569.6	
3588.8	
3598.4	
3654.4	
3608	
3569.6	
3667.2	
3564.8	
3440	
3422.4	
3457.6	
3620.8	
3537.6	
3580.8	
3531.2	
3718.4	
3622.4	
3489.6	
3628.8	
3563.2	
3611.2	
3475.2	
3483.2	
3627.2	
3640	
3593.6	
3598.4	
3614.4	
3595.2	
3569.6	
3393.6	
3540.8	
3518.4	
3590.4	
3524.8	
3473.6	
3476.8	
3523.2	
3643.2	
3646.4	
3619.2	
3555.2	
3488	
3612.8	
3555.2	
3483.2	
3518.4	
3472	
3496	
3505.6	
3521.6	
3502.4	
3508.8	
3483.2	
3526.4	
3510.4	
3582.4	
3545.6	
3646.4	
3628.8	
3513.6	
3630.4	
3632	
3611.2	
3411.2	
3452.8	
3371.2	
3617.6	
3512	
3531.2	
3561.6	
3694.4	
3728	
3683.2	
3612.8	
3587.2	
3512	
3475.2	
3504	
3560	
3545.6	
3627.2	
3470.4	
3494.4	
3432	
3547.2	
3625.6	
3628.8	
3497.6	
3652.8	
3523.2	
3542.4	
3536	
3504	
3609.6	
3452.8	
3539.2	
3556.8	
3584	
3521.6	
3515.2	
3492.8	
3489.6	
3456	
3523.2	
3670.4	
3627.2	
3524.8	
3529.6	
3460.8	
3478.4	
3492.8	
3500.8	
3648	
3558.4	
3628.8	
3601.6	
3536	
3601.6	
3579.2	
3518.4	
3601.6	
3731.2	
3508.8	
3448	
3438.4	
3446.4	
3580.8	
3486.4	
3619.2	
3665.6	
3564.8	
3681.6	
3520	
3560	
3440	
3550.4	
3492.8	
3512	
3462.4	
3502.4	
3464	
3635.2	
3547.2	
3563.2	
3601.6	
3598.4	
3587.2	
3603.2	
3622.4	
3553.6	
3576	
3539.2	
3560	
3528	
3424	
3564.8	
3539.2	
3408	
3520	
3460.8	
3515.2	
3600	
3540.8	
3636.8	
3523.2	
3550.4	
3505.6	
3710.4	
3558.4	
3604.8	
3512	
3489.6	
3520	
3536	
3430.4	
3398.4	
3436.8	
3547.2	
3424	
3552	
3585.6	
3585.6	
3606.4	
3614.4	
3526.4	
3657.6	
3603.2	
3568	
3609.6	
3446.4	
3524.8	
3505.6	
3520	
3502.4	
3480	
3422.4	
3684.8	
3638.4	
3651.2	
3696	
3513.6	
3491.2	
3553.6	
3424	
3532.8	
3566.4	
3545.6	
3536	
3577.6	
3520	
3571.2	
3555.2	
3467.2	
3531.2	
3595.2	
3467.2	
3619.2	
3548.8	
3512	
3652.8	
3563.2	
3553.6	
3632	
3553.6	
3441.6	
3601.6	
3523.2	
3441.6	
3499.2	
3697.6	
3600	
3510.4	
3713.6	
3462.4	
3587.2	
3505.6	
3476.8	
3582.4	
3588.8	
3662.4	
3486.4	
3380.8	
3412.8	
3502.4	
3628.8	
3523.2	
3587.2	
3592	
3417.6	
3488	
3566.4	
3540.8	
3449.6	
3443.2	
3494.4	
3676.8	
3547.2	
3491.2	
3446.4	
3470.4	
3452.8	
3332.8	
3524.8	
3444.8	
3516.8	
3400	
3524.8	
3440	
3422.4	
3481.6	
3595.2	
3582.4	
3507.2	
3486.4	
3427.2	
3531.2	
3540.8	
3428.8	
3526.4	
3465.6	
3537.6	
3460.8	
3430.4	
3552	
3499.2	
3571.2	
3550.4	
3587.2	
3600	
3718.4	
3646.4	
3652.8	
3425.6	
3512	
3673.6	
3646.4	
3648	
3524.8	
3504	
3558.4	
3577.6	
3500.8	
3441.6	
3433.6	
3408	
3308.8	
3441.6	
3464	
3515.2	
3603.2	
3651.2	
3689.6	
3624	
3588.8	
3593.6	
3668.8	
3684.8	
3612.8	
3585.6	
3614.4	
3558.4	
3558.4	
3644.8	
3521.6	
3593.6	
3592	
3521.6	
3585.6	
3576	
3484.8	
3433.6	
3419.2	
3500.8	
3473.6	
3412.8	
3436.8	
3500.8	
3499.2	
3704	
3475.2	
3510.4	
3592	
3611.2	
3523.2	
3708.8	
3764.8	
3616	
3558.4	
3686.4	
3534.4	
3608	
3556.8	
3512	
3504	
3417.6	
3515.2	
3544	
3612.8	
3553.6	
3620.8	
3523.2	
3681.6	
3542.4	
3579.2	
3720	
3548.8	
3480	
3598.4	
3625.6	
3648	
3592	
3524.8	
3537.6	
3529.6	
3587.2	
3574.4	
3476.8	
3523.2	
3438.4	
3476.8	
3521.6	
3505.6	
3486.4	
3540.8	
3569.6	
3513.6	
3640	
3508.8	
3460.8	
3664	
3601.6	
3603.2	
3451.2	
3400	
3537.6	
3563.2	
3457.6	
3512	
3513.6	
3528	
3643.2	
3540.8	
3488	
3553.6	
3532.8	
3616	
3513.6	
3571.2	
3684.8	
3644.8	
3614.4	
3609.6	
3432	
3521.6	
3558.4	
3568	
3656	
3566.4	
3438.4	
3435.2	
3480	
3502.4	
3553.6	
3398.4	
3480	
3595.2	
3492.8	
3345.6	
3476.8	
3372.8	
3398.4	
3462.4	
3492.8	
3580.8	
3544	
3454.4	
3518.4	
3604.8	
3544	
3612.8	
3665.6	
3632	
3614.4	
3440	
3457.6	
3497.6	
3515.2	
3588.8	
3630.4	
3460.8	
3473.6	
3480	
3470.4	
3475.2	
3528	
3486.4	
3620.8	
3625.6	
3668.8	
3472	
3459.2	
3451.2	
3492.8	
3635.2	
3561.6	
3438.4	
3523.2	
3577.6	
3608	
3518.4	
3571.2	
3526.4	
3673.6	
3739.2	
3448	
3606.4	
3603.2	
3601.6	
3616	
3571.2	
3520	
3497.6	
3558.4	
3540.8	
3561.6	
3600	
3638.4	
3548.8	
3472	
3523.2	
3508.8	
3569.6	
3460.8	
3435.2	
3593.6	
3596.8	
3452.8	
3524.8	
3624	
3601.6	
3518.4	
3496	
3507.2	
3516.8	
3502.4	
3500.8	
3649.6	
3627.2	
3627.2	
3588.8	
3508.8	
3499.2	
3548.8	
3571.2	
3611.2	
3614.4	
3507.2	
3420.8	
3515.2	
3518.4	
3571.2	
3683.2	
3446.4	
3291.2	
3417.6	
3491.2	
3480	
3500.8	
3406.4	
3532.8	
3635.2	
3576	
3449.6	
3518.4	
3492.8	
3512	
3585.6	
3457.6	
3633.6	
3624	
3564.8	
3609.6	
3371.2	
3523.2	
3676.8	
3492.8	
3443.2	
3569.6	
3507.2	
3729.6	
3576	
3652.8	
3584	
3510.4	
3531.2	
3582.4	
3580.8	
3443.2	
3483.2	
3555.2	
3483.2	
3704	
3572.8	
3612.8	
3520	
3486.4	
3459.2	
3496	
3424	
3579.2	
3622.4	
3587.2	
3580.8	
3593.6	
3582.4	
3587.2	
3534.4	
3731.2	
3659.2	
3608	
3601.6	
3531.2	
3425.6	
3563.2	
3595.2	
3635.2	
3678.4	
3676.8	
3643.2	
3684.8	
3638.4	
3596.8	
3548.8	
3617.6	
3598.4	
3494.4	
3656	
3630.4	
3609.6	
3534.4	
3691.2	
3614.4	
3593.6	
3566.4	
3502.4	
3481.6	
3547.2	
3513.6	
3579.2	
3547.2	
3515.2	
3548.8	
3624	
3537.6	
3572.8	
3628.8	
3568	
3584	
3683.2	
3649.6	
3641.6	
3604.8	
3652.8	
3678.4	
3652.8	
3603.2	
3617.6	
3444.8	
3491.2	
3580.8	
3398.4	
3531.2	
3489.6	
3636.8	
3564.8	
3560	
3492.8	
3507.2	
3457.6	
3584	
3593.6	
3582.4	
3484.8	
3446.4	
3491.2	
3572.8	
3467.2	
3604.8	
3494.4	
3544	
3600	
3569.6	
3697.6	
3462.4	
3528	
3592	
3601.6	
3598.4	
3494.4	
3419.2	
3496	
3497.6	
3395.2	
3456	
3475.2	
3422.4	
3539.2	
3468.8	
3496	
3486.4	
3416	
3606.4	
3652.8	
3606.4	
3539.2	
3489.6	
3441.6	
3558.4	
3579.2	
3464	
3516.8	
3460.8	
3584	
3496	
3590.4	
3513.6	
3537.6	
3582.4	
3526.4	
3598.4	
3604.8	
3643.2	
3585.6	
3521.6	
3633.6	
3572.8	
3582.4	
3596.8	
3636.8	
3539.2	
3536	
3552	
3718.4	
3715.2	
3628.8	
3558.4	
3512	
3505.6	
3558.4	
3454.4	
3529.6	
3523.2	
3520	
3420.8	
3483.2	
3457.6	
3470.4	
3528	
3504	
3569.6	
3449.6	
3603.2	
3648	
3523.2	
3572.8	
3425.6	
3454.4	
3534.4	
3561.6	
3582.4	
3636.8	
3484.8	
3604.8	
3476.8	
3488	
3411.2	
3491.2	
3432	
3508.8	
3540.8	
3508.8	
3624	
3582.4	
3654.4	
3580.8	
3504	
3508.8	
3584	
3576	
3625.6	
3739.2	
3625.6	
3544	
3473.6	
3545.6	
3539.2	
3563.2	
3446.4	
3406.4	
3512	
3531.2	
3542.4	
3366.4	
3430.4	
3550.4	
3579.2	
3606.4	
3425.6	
3470.4	
3456	
3608	
3444.8	
3617.6	
3515.2	
3678.4	
3507.2	
3587.2	
3640	
3569.6	
3521.6	
3500.8	
3499.2	
3436.8	
3633.6	
3523.2	
3524.8	
3440	
3566.4	
3454.4	
3531.2	
3494.4	
3659.2	
3696	
3470.4	
3508.8	
3592	
3544	
3539.2	
3486.4	
3518.4	
3475.2	
3478.4	
3534.4	
3656	
3537.6	
3472	
3582.4	
3510.4	
3523.2	
3420.8	
3427.2	
3499.2	
3412.8	
3473.6	
3497.6	
3572.8	
3552	
3443.2	
3587.2	
3652.8	
3628.8	
3620.8	
3492.8	
3523.2	
3500.8	
3564.8	
3630.4	
3553.6	
3657.6	
3510.4	
3516.8	
3584	
3572.8	
3577.6	
3558.4	
3547.2	
3536	
3496	
3483.2	
3590.4	
3673.6	
3628.8	
3572.8	
3648	
3598.4	
3718.4	
3614.4	
3456	
3577.6	
3489.6	
3432	
3569.6	
3568	
3577.6	
3657.6	
3576	
3662.4	
3441.6	
3384	
3454.4	
3513.6	
3470.4	
3428.8	
3392	
3496	
3641.6	
3616	
3582.4	
3665.6	
3569.6	
3588.8	
3590.4	
3523.2	
3518.4	
3588.8	
3590.4	
3593.6	
3596.8	
3640	
3648	
3588.8	
3652.8	
3609.6	
3497.6	
3571.2	
3539.2	
3457.6	
3464	
3475.2	
3459.2	
3579.2	
3606.4	
3606.4	
3564.8	
3598.4	
3504	
3452.8	
3547.2	
3563.2	
3689.6	
3590.4	
3547.2	
3569.6	
3513.6	
3408	
3609.6	
3534.4	
3526.4	
3576	
3566.4	
3532.8	
3425.6	
3531.2	
3670.4	
3681.6	
3681.6	
3638.4	
3588.8	
3737.6	
3635.2	
3713.6	
3609.6	
3529.6	
3552	
3544	
3422.4	
3475.2	
3542.4	
3472	
3544	
3518.4	
3585.6	
3486.4	
3579.2	
3633.6	
3579.2	
3662.4	
3612.8	
3659.2	
3748.8	
3600	
3716.8	
3561.6	
3593.6	
3636.8	
3494.4	
3732.8	
3564.8	
3579.2	
3499.2	
3539.2	
3507.2	
3656	
3600	
3534.4	
3518.4	
3582.4	
3555.2	
3656	
3692.8	
3588.8	
3577.6	
3635.2	
3587.2	
3600	
3616	
3612.8	
3526.4	
3472	
3604.8	
3352	
3579.2	
3566.4	
3604.8	
3483.2	
3547.2	
3608	
3468.8	
3640	
3502.4	
3556.8	
3499.2	
3604.8	
3694.4	
3465.6	
3499.2	
3505.6	
3500.8	
3556.8	
3584	
3464	
3532.8	
3473.6	
3537.6	
3364.8	
3545.6	
3676.8	
3470.4	
3528	
3513.6	
3580.8	
3630.4	
3441.6	
3521.6	
3536	
3619.2	
3633.6	
3604.8	
3532.8	
3540.8	
3758.4	
3561.6	
3644.8	
3529.6	
3524.8	
3446.4	
3492.8	
3505.6	
3478.4	
3540.8	
3616	
3568	
3604.8	
3536	
3648	
3468.8	
3588.8	
3662.4	
3427.2	
3576	
3548.8	
3540.8	
3577.6	
3443.2	
3515.2	
3515.2	
3420.8	
3584	
3561.6	
3529.6	
3489.6	
3563.2	
3464	
3638.4	
3625.6	
3598.4	
3537.6	
3617.6	
3508.8	
3585.6	
3388.8	
3456	
3625.6	
3574.4	
3649.6	
3552	
3476.8	
3574.4	
3569.6	
3492.8	
3500.8	
3532.8	
3563.2	
3555.2	
3604.8	
3497.6	
3635.2	
3508.8	
3521.6	
3427.2	
3601.6	
3601.6	
3593.6	
3451.2	
3598.4	
3585.6	
3600	
3614.4	
3612.8	
3526.4	
3537.6	
3622.4	
3622.4	
3574.4	
3542.4	
3700.8	
3513.6	
3366.4	
3475.2	
3510.4	
3518.4	
3633.6	
3451.2	
3528	
3588.8	
3531.2	
3608	
3521.6	
3491.2	
3419.2	
3542.4	
3635.2	
3617.6	
3688	
3620.8	
3697.6	
3622.4	
3644.8	
3593.6	
3486.4	
3550.4	
3481.6	
3556.8	
3608	
3675.2	
3657.6	
3580.8	
3465.6	
3500.8	
3526.4	
3699.2	
3451.2	
3459.2	
3544	
3475.2	
3409.6	
3419.2	
3382.4	
3441.6	
3601.6	
3606.4	
3486.4	
3568	
3515.2	
3612.8	
3665.6	
3510.4	
3372.8	
3422.4	
3590.4	
3539.2	
3451.2	
3459.2	
3492.8	
3553.6	
3396.8	
3464	
3544	
3532.8	
3550.4	
3593.6	
3609.6	
3612.8	
3606.4	
3660.8	
3560	
3620.8	
3608	
3502.4	
3454.4	
3420.8	
3492.8	
3446.4	
3520	
3499.2	
3596.8	
3395.2	
3574.4	
3454.4	
3488	
3539.2	
3614.4	
3505.6	
3494.4	
3515.2	
3572.8	
3456	
3552	
3646.4	
3515.2	
3598.4	
3601.6	
3585.6	
3574.4	
3560	
3630.4	
3563.2	
3401.6	
3456	
3587.2	
3531.2	
3659.2	
3593.6	
3625.6	
3510.4	
3345.6	
3531.2	
3585.6	
3496	
3569.6	
3550.4	
3536	
3566.4	
3646.4	
3470.4	
3574.4	
3462.4	
3612.8	
3475.2	
3556.8	
3484.8	
3712	
3668.8	
3576	
3523.2	
3483.2	
3456	
3542.4	
3468.8	
3635.2	
3640	
3505.6	
3539.2	
3456	
3584	
3678.4	
3659.2	
3710.4	
3540.8	
3454.4	
3416	
3412.8	
3526.4	
3363.2	
3384	
3660.8	
3560	
3488	
3496	
3579.2	
3446.4	
3572.8	
3470.4	
3529.6	
3612.8	
3513.6	
3582.4	
3638.4	
3675.2	
3617.6	
3561.6	
3409.6	
3547.2	
3545.6	
3622.4	
3571.2	
3449.6	
3523.2	
3443.2	
3576	
3579.2	
3494.4	
3448	
3500.8	
3528	
3540.8	
3555.2	
3648	
3670.4	
3568	
3601.6	
3452.8	
3536	
3628.8	
3484.8	
3718.4	
3670.4	
3587.2	
3612.8	
3590.4	
3491.2	
3502.4	
3502.4	
3483.2	
3489.6	
3561.6	
3568	
3564.8	
3604.8	
3596.8	
3617.6	
3467.2	
3440	
3646.4	
3635.2	
3553.6	
3644.8	
3577.6	
3542.4	
3526.4	
3593.6	
3488	
3649.6	
3595.2	
3438.4	
3478.4	
3580.8	
3660.8	
3600	
3584	
3641.6	
3659.2	
3518.4	
3443.2	
3648	
3662.4	
3496	
3620.8	
3723.2	
3624	
3580.8	
3691.2	
3684.8	
3558.4	
3590.4	
3560	
3604.8	
3617.6	
3712	
3561.6	
3563.2	
3508.8	
3454.4	
3544	
3544	
3604.8	
3560	
3688	
3590.4	
3651.2	
3595.2	
3600	
3628.8	
3539.2	
3534.4	
3494.4	
3563.2	
3590.4	
3547.2	
3491.2	
3512	
3571.2	
3508.8	
3670.4	
3680	
3654.4	
3547.2	
3544	
3585.6	
3475.2	
3475.2	
3398.4	
3528	
3752	
3582.4	
3444.8	
3561.6	
3563.2	
3640	
3582.4	
3553.6	
3526.4	
3659.2	
3548.8	
3507.2	
3556.8	
3545.6	
3449.6	
3436.8	
3470.4	
3603.2	
3491.2	
3612.8	
3627.2	
3542.4	
3606.4	
3520	
3571.2	
3523.2	
3556.8	
3592	
3483.2	
3563.2	
3540.8	
3643.2	
3542.4	
3612.8	
3564.8	
3499.2	
3555.2	
3614.4	
3556.8	
3584	
3556.8	
3622.4	
3673.6	
3564.8	
3633.6	
3524.8	
3508.8	
3518.4	
3539.2	
3488	
3476.8	
3361.6	
3480	
3502.4	
3531.2	
3470.4	
3564.8	
3494.4	
3699.2	
3616	
3580.8	
3494.4	
3656	
3510.4	
3561.6	
3651.2	
3576	
3600	
3612.8	
3520	
3555.2	
3566.4	
3582.4	
3590.4	
3696	
3473.6	
3566.4	
3412.8	
3603.2	
3531.2	
3566.4	
3542.4	
3625.6	
3632	
3500.8	
3614.4	
3420.8	
3513.6	
3524.8	
3494.4	
3531.2	
3611.2	
3540.8	
3563.2	
3636.8	
3627.2	
3539.2	
3652.8	
3561.6	
3508.8	
3544	
3521.6	
3476.8	
3548.8	
3553.6	
3539.2	
3585.6	
3544	
3564.8	
3398.4	
3500.8	
3568	
3584	
3696	
3600	
3636.8	
3572.8	
3545.6	
3568	
3400	
3539.2	
3537.6	
3596.8	
3537.6	
3596.8	
3489.6	
3460.8	
3520	
3529.6	
3497.6	
3595.2	
3569.6	
3427.2	
3523.2	
3478.4	
3548.8	
3443.2	
3694.4	
3420.8	
3553.6	
3590.4	
3472	
3632	
3688	
3696	
3564.8	
3542.4	
3537.6	
3483.2	
3540.8	
3604.8	
3507.2	
3507.2	
3588.8	
3579.2	
3720	
3696	
3534.4	
3561.6	
3392	
3486.4	
3520	
3452.8	
3617.6	
3464	
3523.2	
3521.6	
3518.4	
3633.6	
3507.2	
3580.8	
3579.2	
3558.4	
3500.8	
3516.8	
3604.8	
3544	
3441.6	
3457.6	
3424	
3616	
3534.4	
3454.4	
3513.6	
3436.8	
3443.2	
3521.6	
3406.4	
3513.6	
3579.2	
3640	
3592	
3577.6	
3497.6	
3528	
3636.8	
3616	
3616	
3672	
3696	
3630.4	
3473.6	
3440	
3521.6	
3518.4	
3542.4	
3566.4	
3646.4	
3590.4	
3564.8	
3640	
3603.2	
3609.6	
3553.6	
3572.8	
3547.2	
3460.8	
3545.6	
3553.6	
3561.6	
3470.4	
3412.8	
3470.4	
3563.2	
3665.6	
3552	
3628.8	
3500.8	
3638.4	
3462.4	
3612.8	
3652.8	
3550.4	
3473.6	
3643.2	
3622.4	
3600	
3561.6	
3481.6	
3555.2	
3635.2	
3440	
3566.4	
3507.2	
3598.4	
3624	
3553.6	
3416	
3568	
3499.2	
3536	
3648	
3574.4	
3598.4	
3443.2	
3673.6	
3516.8	
3561.6	
3556.8	
3526.4	
3510.4	
3468.8	
3472	
3612.8	
3665.6	
3587.2	
3518.4	
3566.4	
3625.6	
3579.2	
3494.4	
3460.8	
3520	
3486.4	
3454.4	
3481.6	
3502.4	
3494.4	
3481.6	
3404.8	
3510.4	
3446.4	
3518.4	
3363.2	
3500.8	
3440	
3518.4	
3460.8	
3552	
3601.6	
3547.2	
3475.2	
3484.8	
3564.8	
3508.8	
3576	
3537.6	
3326.4	
3475.2	
3523.2	
3729.6	
3697.6	
3489.6	
3548.8	
3579.2	
3494.4	
3507.2	
3568	
3520	
3574.4	
3472	
3310.4	
3467.2	
3544	
3505.6	
3540.8	
3572.8	
3630.4	
3561.6	
3571.2	
3516.8	
3433.6	
3496	
3544	
3462.4	
3600	
3552	
3608	
3788.8	
3609.6	
3566.4	
3603.2	
3619.2	
3595.2	
3643.2	
3500.8	
3539.2	
3491.2	
3507.2	
3580.8	
3555.2	
3468.8	
3507.2	
3534.4	
3478.4	
3500.8	
3505.6	
3580.8	
3744	
3524.8	
3516.8	
3684.8	
3544	
3652.8	
3592	
3486.4	
3468.8	
3689.6	
3606.4	
3489.6	
3542.4	
3542.4	
3550.4	
3660.8	
3699.2	
3649.6	
3475.2	
3556.8	
3673.6	
3672	
3664	
3779.2	
3544	
3625.6	
3616	
3620.8	
3598.4	
3564.8	
3568	
3534.4	
3520	
3585.6	
3547.2	
3611.2	
3520	
3472	
3542.4	
3568	
3580.8	
3459.2	
3488	
3459.2	
3417.6	
3412.8	
3481.6	
3544	
3582.4	
3520	
3504	
3598.4	
3660.8	
3510.4	
3558.4	
3497.6	
3502.4	
3616	
3540.8	
3652.8	
3632	
3544	
3537.6	
3539.2	
3579.2	
3468.8	
3555.2	
3504	
3587.2	
3622.4	
3592	
3492.8	
3576	
3475.2	
3468.8	
3448	
3553.6	
3688	
3721.6	
3742.4	
3710.4	
3635.2	
3475.2	
3632	
3473.6	
3388.8	
3497.6	
3358.4	
3332.8	
3588.8	
3505.6	
3518.4	
3465.6	
3446.4	
3497.6	
3595.2	
3606.4	
3566.4	
3632	
3563.2	
3628.8	
3540.8	
3550.4	
3462.4	
3513.6	
3678.4	
3577.6	
3468.8	
3467.2	
3488	
3540.8	
3484.8	
3544	
3582.4	
3588.8	
3569.6	
3480	
3588.8	
3553.6	
3596.8	
3500.8	
3590.4	
3486.4	
3504	
3683.2	
3556.8	
3643.2	
3694.4	
3513.6	
3518.4	
3459.2	
3465.6	
3516.8	
3604.8	
3526.4	
3555.2	
3491.2	
3500.8	
3569.6	
3635.2	
3476.8	
3558.4	
3464	
3676.8	
3643.2	
3571.2	
3491.2	
3569.6	
3646.4	
3545.6	
3547.2	
3649.6	
3470.4	
3536	
3657.6	
3593.6	
3528	
3587.2	
3524.8	
3558.4	
3497.6	
3428.8	
3547.2	
3657.6	
3468.8	
3587.2	
3435.2	
3564.8	
3640	
3595.2	
3585.6	
3544	
3614.4	
3584	
3553.6	
3504	
3588.8	
3627.2	
3569.6	
3572.8	
3571.2	
3556.8	
3536	
3608	
3499.2	
3537.6	
3524.8	
3478.4	
3491.2	
3667.2	
3574.4	
3460.8	
3643.2	
3545.6	
3552	
3438.4	
3408	
3476.8	
3476.8	
3531.2	
3592	
3489.6	
3550.4	
3473.6	
3630.4	
3656	
3457.6	
3515.2	
3504	
3492.8	
3475.2	
3504	
3475.2	
3595.2	
3520	
3526.4	
3537.6	
3579.2	
3443.2	
3484.8	
3494.4	
3568	
3577.6	
3430.4	
3600	
3564.8	
3545.6	
3654.4	
3564.8	
3488	
3457.6	
3555.2	
3492.8	
3451.2	
3406.4	
3512	
3672	
3395.2	
3449.6	
3513.6	
3441.6	
3470.4	
3606.4	
3496	
3572.8	
3510.4	
3484.8	
3526.4	
3542.4	
3494.4	
3524.8	
3462.4	
3492.8	
3539.2	
3454.4	
3542.4	
3651.2	
3574.4	
3537.6	
3582.4	
3412.8	
3500.8	
3505.6	
3400	
3571.2	
3659.2	
3491.2	
3529.6	
3516.8	
3520	
3392	
3441.6	
3472	
3518.4	
3606.4	
3460.8	
3500.8	
3339.2	
3457.6	
3702.4	
3459.2	
3371.2	
3483.2	
3529.6	
3470.4	
3395.2	
3420.8	
3486.4	
3448	
3438.4	
3480	
3630.4	
3649.6	
3472	
3603.2	
3528	
3545.6	
3651.2	
3598.4	
3547.2	
3545.6	
3572.8	
3630.4	
3491.2	
3628.8	
3558.4	
3646.4	
3529.6	
3558.4	
3571.2	
3569.6	
3352	
3462.4	
3580.8	
3712	
3576	
3545.6	
3470.4	
3518.4	
3676.8	
3835.2	
3598.4	
3524.8	
3446.4	
3496	
3472	
3449.6	
3652.8	
3552	
3571.2	
3486.4	
3531.2	
3537.6	
3532.8	
3496	
3520	
3556.8	
3467.2	
3504	
3595.2	
3496	
3576	
3625.6	
3600	
3532.8	
3345.6	
3361.6	
3484.8	
3668.8	
3576	
3574.4	
3644.8	
3544	
3529.6	
3636.8	
3539.2	
3494.4	
3504	
3632	
3561.6	
3644.8	
3496	
3593.6	
3496	
3534.4	
3521.6	
3585.6	
3513.6	
3491.2	
3510.4	
3526.4	
3625.6	
3539.2	
3483.2	
3598.4	
3547.2	
3568	
3460.8	
3470.4	
3553.6	
3569.6	
3636.8	
3580.8	
3640	
3561.6	
3488	
3524.8	
3545.6	
3464	
3358.4	
3459.2	
3513.6	
3584	
3609.6	
3553.6	
3592	
3406.4	
3500.8	
3534.4	
3588.8	
3504	
3467.2	
3486.4	
3619.2	
3539.2	
3558.4	
3564.8	
3563.2	
3500.8	
3457.6	
3534.4	
3508.8	
3548.8	
3558.4	
3531.2	
3532.8	
3449.6	
3568	
3624	
3641.6	
3488	
3564.8	
3496	
3448	
3414.4	
3513.6	
3595.2	
3566.4	
3497.6	
3544	
3580.8	
3630.4	
3454.4	
3553.6	
3553.6	
3523.2	
3576	
3556.8	
3600	
3596.8	
3683.2	
3630.4	
3636.8	
3593.6	
3619.2	
3569.6	
3521.6	
3624	
3660.8	
3568	
3630.4	
3652.8	
3539.2	
3571.2	
3544	
3563.2	
3648	
3513.6	
3547.2	
3534.4	
3563.2	
3608	
3598.4	
3657.6	
3614.4	
3644.8	
3644.8	
3574.4	
3550.4	
3580.8	
3523.2	
3544	
3568	
3600	
3604.8	
3624	
3609.6	
3507.2	
3504	
3670.4	
3665.6	
3532.8	
3480	
3404.8	
3526.4	
3369.6	
3465.6	
3544	
3478.4	
3633.6	
3572.8	
3427.2	
3419.2	
3422.4	
3462.4	
3497.6	
3659.2	
3584	
3643.2	
3558.4	
3668.8	
3604.8	
3502.4	
3555.2	
3576	
3510.4	
3508.8	
3590.4	
3644.8	
3537.6	
3516.8	
3427.2	
3438.4	
3440	
3587.2	
3497.6	
3457.6	
3433.6	
3494.4	
3646.4	
3569.6	
3532.8	
3580.8	
3582.4	
3566.4	
3529.6	
3537.6	
3516.8	
3526.4	
3576	
3633.6	
3584	
3553.6	
3534.4	
3441.6	
3452.8	
3499.2	
3515.2	
3612.8	
3507.2	
3476.8	
3510.4	
3640	
3620.8	
3654.4	
3686.4	
3560	
3520	
3603.2	
3657.6	
3593.6	
3550.4	
3609.6	
3526.4	
3513.6	
3708.8	
3686.4	
3568	
3608	
3542.4	
3563.2	
3614.4	
3612.8	
3628.8	
3582.4	
3524.8	
3536	
3499.2	
3636.8	
3473.6	
3640	
3598.4	
3521.6	
3545.6	
3644.8	
3574.4	
3548.8	
3593.6	
3676.8	
3582.4	
3560	
3571.2	
3380.8	
3600	
3510.4	
3449.6	
3505.6	
3568	
3676.8	
3606.4	
3454.4	
3435.2	
3528	
3568	
3697.6	
3721.6	
3611.2	
3659.2	
3622.4	
3542.4	
3572.8	
3614.4	
3473.6	
3462.4	
3462.4	
3646.4	
3564.8	
3604.8	
3617.6	
3579.2	
3510.4	
3488	
3560	
3577.6	
3452.8	
3451.2	
3440	
3568	
3390.4	
3486.4	
3414.4	
3595.2	
3553.6	
3612.8	
3571.2	
3632	
3590.4	
3564.8	
3508.8	
3526.4	
3382.4	
3680	
3497.6	
3508.8	
3483.2	
3419.2	
3494.4	
3524.8	
3568	
3580.8	
3476.8	
3556.8	
3664	
3577.6	
3491.2	
3441.6	
3382.4	
3427.2	
3486.4	
3520	
3577.6	
3739.2	
3620.8	
3486.4	
3536	
3465.6	
3502.4	
3470.4	
3604.8	
3550.4	
3390.4	
3489.6	
3555.2	
3500.8	
3532.8	
3536	
3508.8	
3564.8	
3537.6	
3598.4	
3558.4	
3544	
3526.4	
3524.8	
3547.2	
3452.8	
3526.4	
3542.4	
3545.6	
3547.2	
3675.2	
3617.6	
3651.2	
3555.2	
3540.8	
3500.8	
3484.8	
3529.6	
3521.6	
3478.4	
3584	
3585.6	
3609.6	
3633.6	
3632	
3609.6	
3593.6	
3505.6	
3520	
3448	
3473.6	
3558.4	
3577.6	
3496	
3441.6	
3436.8	
3504	
3539.2	
3435.2	
3544	
3592	
3624	
3553.6	
3555.2	
3545.6	
3574.4	
3513.6	
3649.6	
3595.2	
3544	
3443.2	
3523.2	
3580.8	
3553.6	
3436.8	
3460.8	
3486.4	
3612.8	
3529.6	
3563.2	
3593.6	
3561.6	
3523.2	
3612.8	
3523.2	
3556.8	
3689.6	
3641.6	
3592	
3520	
3507.2	
3460.8	
3590.4	
3531.2	
3638.4	
3622.4	
3465.6	
3588.8	
3508.8	
3500.8	
3492.8	
3540.8	
3542.4	
3508.8	
3609.6	
3625.6	
3480	
3516.8	
3508.8	
3532.8	
3592	
3619.2	
3662.4	
3651.2	
3443.2	
3409.6	
3585.6	
3398.4	
3552	
3481.6	
3494.4	
3478.4	
3476.8	
3606.4	
3560	
3657.6	
3505.6	
3580.8	
3484.8	
3492.8	
3536	
3475.2	
3540.8	
3563.2	
3633.6	
3489.6	
3496	
3563.2	
3510.4	
3492.8	
3436.8	
3630.4	
3524.8	
3417.6	
3529.6	
3488	
3540.8	
3545.6	
3576	
3548.8	
3739.2	
3592	
3584	
3632	
3568	
3635.2	
3534.4	
3443.2	
3534.4	
3627.2	
3544	
3596.8	
3467.2	
3356.8	
3540.8	
3454.4	
3537.6	
3676.8	
3560	
3612.8	
3614.4	
3518.4	
3555.2	
3619.2	
3516.8	
3470.4	
3521.6	
3523.2	
3590.4	
3526.4	
3603.2	
3608	
3478.4	
3396.8	
3516.8	
3608	
3609.6	
3558.4	
3576	
3641.6	
3580.8	
3540.8	
3556.8	
3393.6	
3484.8	
3499.2	
3585.6	
3624	
3542.4	
3475.2	
3476.8	
3464	
3494.4	
3568	
3657.6	
3617.6	
3510.4	
3508.8	
3625.6	
3676.8	
3694.4	
3536	
3488	
3380.8	
3566.4	
3472	
3515.2	
3512	
3435.2	
3536	
3760	
3672	
3587.2	
3624	
3643.2	
3417.6	
3492.8	
3513.6	
3574.4	
3504	
3457.6	
3356.8	
3544	
3460.8	
3491.2	
3364.8	
3499.2	
3564.8	
3507.2	
3481.6	
3539.2	
3680	
3680	
3646.4	
3572.8	
3529.6	
3558.4	
3598.4	
3542.4	
3548.8	
3587.2	
3568	
3545.6	
3692.8	
3457.6	
3484.8	
3611.2	
3569.6	
3452.8	
3609.6	
3486.4	
3435.2	
3558.4	
3462.4	
3531.2	
3472	
3536	
3587.2	
3571.2	
3577.6	
3532.8	
3520	
3534.4	
3454.4	
3544	
3528	
3534.4	
3638.4	
3558.4	
3454.4	
3513.6	
3515.2	
3560	
3582.4	
3459.2	
3478.4	
3491.2	
3561.6	
3587.2	
3656	
3553.6	
3404.8	
3528	
3588.8	
3566.4	
3553.6	
3510.4	
3560	
3651.2	
3657.6	
3604.8	
3550.4	
3524.8	
3420.8	
3624	
3596.8	
3544	
3596.8	
3406.4	
3393.6	
3486.4	
3580.8	
3500.8	
3625.6	
3612.8	
3550.4	
3502.4	
3547.2	
3574.4	
3676.8	
3635.2	
3564.8	
3467.2	
3497.6	
3456	
3561.6	
3553.6	
3651.2	
3545.6	
3524.8	
3528	
3627.2	
3457.6	
3542.4	
3569.6	
3611.2	
3752	
3627.2	
3664	
3563.2	
3542.4	
3502.4	
3563.2	
3572.8	
3624	
3608	
3614.4	
3587.2	
3518.4	
3548.8	
3502.4	
3572.8	
3516.8	
3516.8	
3624	
3526.4	
3595.2	
3590.4	
3544	
3630.4	
3633.6	
3537.6	
3491.2	
3412.8	
3484.8	
3542.4	
3504	
3510.4	
3680	
3678.4	
3606.4	
3528	
3580.8	
3382.4	
3472	
3518.4	
3528	
3536	
3569.6	
3540.8	
3654.4	
3769.6	
3555.2	
3521.6	
3686.4	
3792	
3580.8	
3539.2	
3643.2	
3632	
3624	
3620.8	
3563.2	
3499.2	
3550.4	
3680	
3606.4	
3556.8	
3472	
3561.6	
3579.2	
3659.2	
3628.8	
3374.4	
3515.2	
3606.4	
3593.6	
3584	
3571.2	
3526.4	
3670.4	
3563.2	
3550.4	
3683.2	
3510.4	
3635.2	
3577.6	
3596.8	
3489.6	
3499.2	
3625.6	
3659.2	
3444.8	
3465.6	
3632	
3451.2	
3534.4	
3652.8	
3476.8	
3427.2	
3510.4	
3523.2	
3521.6	
3534.4	
3561.6	
3536	
3529.6	
3548.8	
3441.6	
3529.6	
3441.6	
3496	
3494.4	
3536	
3401.6	
3590.4	
3537.6	
3617.6	
3654.4	
3643.2	
3508.8	
3532.8	
3481.6	
3601.6	
3596.8	
3622.4	
3643.2	
3580.8	
3516.8	
3614.4	
3500.8	
3507.2	
3422.4	
3388.8	
3451.2	
3523.2	
3611.2	
3440	
3657.6	
3529.6	
3507.2	
3468.8	
3465.6	
3566.4	
3651.2	
3544	
3516.8	
3536	
3520	
3563.2	
3512	
3452.8	
3392	
3563.2	
3590.4	
3643.2	
3568	
3588.8	
3598.4	
3460.8	
3548.8	
3534.4	
3609.6	
3548.8	
3521.6	
3499.2	
3483.2	
3684.8	
3553.6	
3582.4	
3521.6	
3478.4	
3518.4	
3492.8	
3454.4	
3552	
3604.8	
3499.2	
3518.4	
3577.6	
3532.8	
3616	
3563.2	
3432	
3411.2	
3393.6	
3601.6	
3633.6	
3539.2	
3585.6	
3576	
3588.8	
3579.2	
3673.6	
3464	
3440	
3676.8	
3528	
3473.6	
3369.6	
3484.8	
3537.6	
3579.2	
3678.4	
3676.8	
3579.2	
3576	
3651.2	
3593.6	
3585.6	
3494.4	
3547.2	
3507.2	
3523.2	
3579.2	
3494.4	
3516.8	
3625.6	
3612.8	
3539.2	
3636.8	
3548.8	
3673.6	
3500.8	
3636.8	
3636.8	
3412.8	
3603.2	
3555.2	
3556.8	
3593.6	
3548.8	
3540.8	
3537.6	
3620.8	
3592	
3716.8	
3595.2	
3444.8	
3526.4	
3403.2	
3480	
3524.8	
3587.2	
3673.6	
3478.4	
3576	
3520	
3505.6	
3534.4	
3544	
3582.4	
3539.2	
3564.8	
3713.6	
3532.8	
3507.2	
3576	
3518.4	
3438.4	
3552	
3520	
3486.4	
3590.4	
3652.8	
3619.2	
3524.8	
3481.6	
3595.2	
3704	
3753.6	
3689.6	
3523.2	
3644.8	
3593.6	
3364.8	
3489.6	
3460.8	
3633.6	
3553.6	
3694.4	
3633.6	
3614.4	
3664	
3596.8	
3611.2	
3483.2	
3521.6	
3628.8	
3572.8	
3636.8	
3560	
3572.8	
3515.2	
3536	
3598.4	
3411.2	
3448	
3348.8	
3558.4	
3603.2	
3699.2	
3716.8	
3459.2	
3491.2	
3476.8	
3438.4	
3438.4	
3529.6	
3510.4	
3521.6	
3590.4	
3585.6	
3449.6	
3427.2	
3532.8	
3452.8	
3486.4	
3420.8	
3486.4	
3574.4	
3628.8	
3606.4	
3532.8	
3552	
3584	
3628.8	
3534.4	
3678.4	
3564.8	
3452.8	
3379.2	
3430.4	
3600	
3433.6	
3499.2	
3435.2	
3595.2	
3595.2	
3521.6	
3598.4	
3635.2	
3483.2	
3513.6	
3462.4	
3512	
3513.6	
3432	
3616	
3612.8	
3539.2	
3542.4	
3707.2	
3502.4	
3617.6	
3547.2	
3619.2	
3510.4	
3516.8	
3523.2	
3524.8	
3571.2	
3608	
3440	
3564.8	
3614.4	
3606.4	
3590.4	
3622.4	
3521.6	
3505.6	
3547.2	
3499.2	
3628.8	
3435.2	
3347.2	
3481.6	
3526.4	
3580.8	
3580.8	
3656	
3707.2	
3662.4	
3579.2	
3608	
3545.6	
3478.4	
3651.2	
3496	
3489.6	
3547.2	
3488	
3446.4	
3443.2	
3587.2	
3587.2	
3587.2	
3617.6	
3606.4	
3427.2	
3406.4	
3558.4	
3584	
3516.8	
3587.2	
3512	
3544	
3673.6	
3556.8	
3592	
3768	
3600	
3638.4	
3548.8	
3382.4	
3512	
3528	
3625.6	
3561.6	
3579.2	
3552	
3513.6	
3644.8	
3801.6	
3712	
3638.4	
3531.2	
3464	
3630.4	
3411.2	
3689.6	
3640	
3676.8	
3704	
3560	
3571.2	
3632	
3574.4	
3425.6	
3486.4	
3547.2	
3598.4	
3478.4	
3552	
3488	
3552	
3561.6	
3628.8	
3638.4	
3534.4	
3572.8	
3534.4	
3444.8	
3548.8	
3612.8	
3590.4	
3598.4	
3553.6	
3468.8	
3728	
3553.6	
3648	
3540.8	
3355.2	
3374.4	
3497.6	
3395.2	
3499.2	
3571.2	
3564.8	
3611.2	
3582.4	
3532.8	
3510.4	
3444.8	
3560	
3366.4	
3476.8	
3416	
3484.8	
3480	
3459.2	
3606.4	
3616	
3568	
3648	
3736	
3625.6	
3614.4	
3667.2	
3622.4	
3534.4	
3569.6	
3416	
3620.8	
3420.8	
3609.6	
3635.2	
3553.6	
3691.2	
3432	
3542.4	
3572.8	
3441.6	
3355.2	
3483.2	
3624	
3601.6	
3420.8	
3523.2	
3523.2	
3496	
3558.4	
3512	
3515.2	
3433.6	
3532.8	
3681.6	
3680	
3521.6	
3521.6	
3494.4	
3459.2	
3627.2	
3539.2	
3430.4	
3590.4	
3502.4	
3633.6	
3628.8	
3496	
3443.2	
3491.2	
3580.8	
3534.4	
3681.6	
3667.2	
3601.6	
3636.8	
3502.4	
3552	
3555.2	
3491.2	
3619.2	
3534.4	
3587.2	
3524.8	
3550.4	
3608	
3529.6	
3449.6	
3419.2	
3502.4	
3504	
3478.4	
3600	
3603.2	
3452.8	
3408	
3633.6	
3555.2	
3476.8	
3521.6	
3462.4	
3608	
3614.4	
3620.8	
3515.2	
3468.8	
3641.6	
3571.2	
3656	
3708.8	
3680	
3582.4	
3590.4	
3548.8	
3521.6	
3516.8	
3513.6	
3612.8	
3609.6	
3584	
3560	
3673.6	
3489.6	
3624	
3491.2	
3590.4	
3537.6	
3548.8	
3523.2	
3556.8	
3568	
3603.2	
3587.2	
3668.8	
3502.4	
3513.6	
3483.2	
3568	
3593.6	
3566.4	
3635.2	
3572.8	
3571.2	
3528	
3657.6	
3620.8	
3641.6	
3512	
3446.4	
3592	
3633.6	
3563.2	
3608	
3608	
3664	
3672	
3590.4	
3521.6	
3649.6	
3601.6	
3678.4	
3710.4	
3515.2	
3529.6	
3489.6	
3446.4	
3404.8	
3486.4	
3484.8	
3480	
3518.4	
3537.6	
3534.4	
3558.4	
3408	
3600	
3548.8	
3529.6	
3577.6	
3590.4	
3553.6	
3635.2	
3667.2	
3603.2	
3675.2	
3572.8	
3670.4	
3516.8	
3560	
3515.2	
3560	
3689.6	
3652.8	
3606.4	
3513.6	
3521.6	
3502.4	
3441.6	
3585.6	
3443.2	
3486.4	
3532.8	
3499.2	
3520	
3606.4	
3558.4	
3500.8	
3564.8	
3560	
3564.8	
3633.6	
3598.4	
3561.6	
3644.8	
3633.6	
3436.8	
3478.4	
3568	
3558.4	
3600	
3492.8	
3608	
3652.8	
3702.4	
3550.4	
3596.8	
3593.6	
3582.4	
3356.8	
3548.8	
3521.6	
3560	
3491.2	
3566.4	
3499.2	
3489.6	
3481.6	
3494.4	
3387.2	
3417.6	
3694.4	
3571.2	
3635.2	
3548.8	
3532.8	
3484.8	
3534.4	
3660.8	
3673.6	
3473.6	
3542.4	
3564.8	
3584	
3377.6	
3617.6	
3424	
3598.4	
3510.4	
3582.4	
3488	
3529.6	
3627.2	
3604.8	
3539.2	
3528	
3550.4	
3590.4	
3614.4	
3635.2	
3454.4	
3536	
3489.6	
3521.6	
3630.4	
3528	
3603.2	
3656	
3622.4	
3598.4	
3680	
3550.4	
3584	
3518.4	
3505.6	
3526.4	
3468.8	
3382.4	
3529.6	
3459.2	
3387.2	
3476.8	
3492.8	
3545.6	
3590.4	
3670.4	
3481.6	
3510.4	
3520	
3497.6	
3600	
3664	
3601.6	
3585.6	
3600	
3516.8	
3566.4	
3454.4	
3478.4	
3492.8	
3601.6	
3497.6	
3491.2	
3633.6	
3601.6	
3627.2	
3523.2	
3473.6	
3532.8	
3582.4	
3651.2	
3574.4	
3564.8	
3489.6	
3350.4	
3408	
3428.8	
3536	
3505.6	
3475.2	
3561.6	
3606.4	
3604.8	
3492.8	
3579.2	
3406.4	
3571.2	
3424	
3502.4	
3516.8	
3526.4	
3494.4	
3614.4	
3593.6	
3499.2	
3515.2	
3505.6	
3582.4	
3515.2	
3504	
3472	
3652.8	
3526.4	
3528	
3596.8	
3409.6	
3382.4	
3459.2	
3686.4	
3393.6	
3428.8	
3464	
3500.8	
3550.4	
3379.2	
3414.4	
3537.6	
3620.8	
3449.6	
3540.8	
3513.6	
3521.6	
3545.6	
3537.6	
3582.4	
3614.4	
3630.4	
3552	
3620.8	
3598.4	
3649.6	
3518.4	
3558.4	
3542.4	
3507.2	
3560	
3489.6	
3603.2	
3600	
3427.2	
3494.4	
3616	
3520	
3606.4	
3459.2	
3368	
3467.2	
3526.4	
3526.4	
3590.4	
3468.8	
3425.6	
3545.6	
3640	
3628.8	
3593.6	
3536	
3552	
3552	
3595.2	
3539.2	
3592	
3513.6	
3523.2	
3579.2	
3444.8	
3566.4	
3579.2	
3603.2	
3491.2	
3497.6	
3489.6	
3588.8	
3625.6	
3625.6	
3556.8	
3481.6	
3600	
3628.8	
3564.8	
3494.4	
3496	
3515.2	
3534.4	
3536	
3489.6	
3508.8	
3435.2	
3529.6	
3561.6	
3428.8	
3480	
3625.6	
3624	
3604.8	
3579.2	
3515.2	
3544	
3646.4	
3528	
3430.4	
3497.6	
3627.2	
3601.6	
3600	
3496	
3462.4	
3499.2	
3558.4	
3681.6	
3688	
3592	
3443.2	
3507.2	
3476.8	
3491.2	
3531.2	
3568	
3595.2	
3544	
3513.6	
3428.8	
3579.2	
3502.4	
3582.4	
3558.4	
3596.8	
3600	
3526.4	
3475.2	
3662.4	
3576	
3579.2	
3649.6	
3601.6	
3723.2	
3662.4	
3488	
3524.8	
3422.4	
3587.2	
3580.8	
3585.6	
3521.6	
3523.2	
3524.8	
3544	
3569.6	
3486.4	
3547.2	
3585.6	
3544	
3545.6	
3427.2	
3531.2	
3505.6	
3468.8	
3638.4	
3625.6	
3588.8	
3609.6	
3507.2	
3564.8	
3595.2	
3593.6	
3504	
3459.2	
3540.8	
3606.4	
3505.6	
3550.4	
3689.6	
3524.8	
3532.8	
3494.4	
3446.4	
3382.4	
3488	
3448	
3544	
3624	
3507.2	
3600	
3577.6	
3585.6	
3564.8	
3505.6	
3518.4	
3566.4	
3499.2	
3542.4	
3652.8	
3492.8	
3433.6	
3526.4	
3529.6	
3444.8	
3536	
3537.6	
3548.8	
3568	
3504	
3420.8	
3532.8	
3523.2	
3457.6	
3499.2	
3468.8	
3526.4	
3492.8	
3595.2	
3588.8	
3507.2	
3500.8	
3564.8	
3465.6	
3520	
3467.2	
3515.2	
3384	
3563.2	
3483.2	
3459.2	
3590.4	
3633.6	
3694.4	
3590.4	
3584	
3476.8	
3576	
3592	
3697.6	
3662.4	
3593.6	
3563.2	
3606.4	
3604.8	
3534.4	
3595.2	
3456	
3472	
3604.8	
3662.4	
3620.8	
3489.6	
3513.6	
3526.4	
3452.8	
3609.6	
3644.8	
3561.6	
3576	
3516.8	
3555.2	
3609.6	
3526.4	
3592	
3502.4	
3622.4	
3518.4	
3472	
3483.2	
3620.8	
3606.4	
3569.6	
3540.8	
3462.4	
3385.6	
3494.4	
3502.4	
3556.8	
3595.2	
3624	
3500.8	
3627.2	
3614.4	
3524.8	
3552	
3406.4	
3388.8	
3520	
3595.2	
3518.4	
3555.2	
3670.4	
3750.4	
3752	
3568	
3433.6	
3504	
3484.8	
3464	
3561.6	
3494.4	
3465.6	
3585.6	
3686.4	
3595.2	
3576	
3518.4	
3624	
3484.8	
3385.6	
3427.2	
3462.4	
3481.6	
3571.2	
3476.8	
3553.6	
3561.6	
3587.2	
3392	
3510.4	
3603.2	
3635.2	
3608	
3508.8	
3560	
3601.6	
3619.2	
3603.2	
3553.6	
3536	
3748.8	
3633.6	
3632	
3593.6	
3492.8	
3505.6	
3638.4	
3649.6	
3542.4	
3656	
3668.8	
3699.2	
3670.4	
3611.2	
3444.8	
3516.8	
3467.2	
3544	
3408	
3508.8	
3668.8	
3612.8	
3580.8	
3633.6	
3608	
3539.2	
3667.2	
3499.2	
3473.6	
3600	
3536	
3566.4	
3606.4	
3470.4	
3536	
3539.2	
3566.4	
3643.2	
3478.4	
3561.6	
3552	
3680	
3612.8	
3515.2	
3574.4	
3609.6	
3683.2	
3696	
3616	
3580.8	
3441.6	
3540.8	
3521.6	
3448	
3544	
3590.4	
3536	
3422.4	
3481.6	
3542.4	
3620.8	
3438.4	
3456	
3529.6	
3611.2	
3654.4	
3489.6	
3576	
3489.6	
3531.2	
3643.2	
3630.4	
3502.4	
3512	
3542.4	
3492.8	
3521.6	
3596.8	
3648	
3542.4	
3648	
3715.2	
3611.2	
3668.8	
3552	
3508.8	
3609.6	
3547.2	
3472	
3596.8	
3636.8	
3627.2	
3504	
3609.6	
3601.6	
3582.4	
3438.4	
3491.2	
3454.4	
3512	
3539.2	
3585.6	
3651.2	
3548.8	
3516.8	
3550.4	
3579.2	
3548.8	
3561.6	
3494.4	
3611.2	
3696	
3604.8	
3422.4	
3577.6	
3537.6	
3636.8	
3619.2	
3737.6	
3716.8	
3625.6	
3524.8	
3521.6	
3547.2	
3547.2	
3548.8	
3518.4	
3580.8	
3555.2	
3422.4	
3628.8	
3595.2	
3694.4	
3673.6	
3689.6	
3668.8	
3481.6	
3649.6	
3601.6	
3643.2	
3556.8	
3584	
3444.8	
3595.2	
3622.4	
3580.8	
3497.6	
3675.2	
3568	
3531.2	
3526.4	
3659.2	
3616	
3499.2	
3638.4	
3644.8	
3566.4	
3572.8	
3478.4	
3483.2	
3409.6	
3508.8	
3702.4	
3499.2	
3558.4	
3401.6	
3622.4	
3518.4	
3388.8	
3558.4	
3595.2	
3606.4	
3606.4	
3499.2	
3380.8	
3593.6	
3600	
3548.8	
3548.8	
3534.4	
3510.4	
3531.2	
3700.8	
3571.2	
3596.8	
3643.2	
3596.8	
3673.6	
3548.8	
3435.2	
3532.8	
3572.8	
3526.4	
3500.8	
3630.4	
3531.2	
3499.2	
3523.2	
3617.6	
3571.2	
3648	
3632	
3630.4	
3584	
3523.2	
3451.2	
3499.2	
3532.8	
3483.2	
3512	
3619.2	
3504	
3534.4	
3451.2	
3656	
3604.8	
3552	
3435.2	
3456	
3374.4	
3452.8	
3521.6	
3446.4	
3526.4	
3452.8	
3483.2	
3480	
3524.8	
3619.2	
3606.4	
3744	
3747.2	
3529.6	
3502.4	
3496	
3296	
