1150.4	
3048	
3380.8	
3444.8	
3444.8	
3470.4	
3520	
3603.2	
3520	
3497.6	
3446.4	
3630.4	
3601.6	
3606.4	
3547.2	
3507.2	
3448	
3352	
3531.2	
3585.6	
3568	
3510.4	
3532.8	
3588.8	
3494.4	
3492.8	
3566.4	
3526.4	
3632	
3486.4	
3548.8	
3548.8	
3494.4	
3435.2	
3452.8	
3411.2	
3476.8	
3515.2	
3550.4	
3537.6	
3520	
3539.2	
3475.2	
3467.2	
3505.6	
3428.8	
3593.6	
3587.2	
3579.2	
3540.8	
3432	
3552	
3521.6	
3502.4	
3491.2	
3568	
3643.2	
3488	
3577.6	
3576	
3564.8	
3553.6	
3550.4	
3486.4	
3472	
3480	
3435.2	
3564.8	
3596.8	
3499.2	
3488	
3382.4	
3315.2	
3438.4	
3425.6	
3444.8	
3545.6	
3452.8	
3531.2	
3478.4	
3486.4	
3540.8	
3502.4	
3582.4	
3590.4	
3484.8	
3435.2	
3624	
3590.4	
3601.6	
3603.2	
3587.2	
3553.6	
3571.2	
3504	
3518.4	
3476.8	
3528	
3528	
3508.8	
3542.4	
3513.6	
3568	
3614.4	
3486.4	
3641.6	
3740.8	
3651.2	
3564.8	
3459.2	
3676.8	
3579.2	
3608	
3582.4	
3560	
3454.4	
3611.2	
3601.6	
3619.2	
3489.6	
3593.6	
3584	
3625.6	
3609.6	
3584	
3430.4	
3507.2	
3518.4	
3518.4	
3504	
3496	
3510.4	
3512	
3494.4	
3508.8	
3480	
3496	
3579.2	
3406.4	
3585.6	
3417.6	
3432	
3344	
3510.4	
3560	
3614.4	
3548.8	
3494.4	
3592	
3678.4	
3678.4	
3547.2	
3470.4	
3467.2	
3480	
3515.2	
3499.2	
3555.2	
3564.8	
3385.6	
3652.8	
3652.8	
3627.2	
3648	
3606.4	
3537.6	
3523.2	
3515.2	
3660.8	
3561.6	
3558.4	
3620.8	
3593.6	
3515.2	
3475.2	
3531.2	
3662.4	
3601.6	
3531.2	
3481.6	
3508.8	
3611.2	
3598.4	
3526.4	
3451.2	
3380.8	
3484.8	
3464	
3548.8	
3576	
3593.6	
3528	
3377.6	
3425.6	
3452.8	
3505.6	
3473.6	
3627.2	
3547.2	
3502.4	
3505.6	
3604.8	
3390.4	
3507.2	
3652.8	
3592	
3568	
3478.4	
3516.8	
3532.8	
3638.4	
3491.2	
3592	
3620.8	
3459.2	
3524.8	
3564.8	
3680	
3590.4	
3660.8	
3547.2	
3646.4	
3550.4	
3459.2	
3409.6	
3563.2	
3467.2	
3499.2	
3544	
3513.6	
3558.4	
3531.2	
3576	
3742.4	
3585.6	
3683.2	
3524.8	
3625.6	
3553.6	
3646.4	
3568	
3651.2	
3550.4	
3460.8	
3531.2	
3492.8	
3628.8	
3566.4	
3614.4	
3512	
3534.4	
3478.4	
3443.2	
3489.6	
3516.8	
3537.6	
3593.6	
3539.2	
3510.4	
3539.2	
3612.8	
3582.4	
3428.8	
3579.2	
3563.2	
3595.2	
3411.2	
3462.4	
3568	
3566.4	
3561.6	
3520	
3457.6	
3585.6	
3635.2	
3630.4	
3544	
3673.6	
3435.2	
3456	
3512	
3384	
3643.2	
3635.2	
3588.8	
3630.4	
3569.6	
3574.4	
3513.6	
3475.2	
3467.2	
3478.4	
3640	
3547.2	
3550.4	
3544	
3611.2	
3584	
3590.4	
3579.2	
3547.2	
3636.8	
3480	
3542.4	
3590.4	
3640	
3569.6	
3548.8	
3563.2	
3579.2	
3532.8	
3492.8	
3550.4	
3440	
3496	
3416	
3611.2	
3600	
3587.2	
3598.4	
3435.2	
3609.6	
3476.8	
3502.4	
3504	
3622.4	
3561.6	
3620.8	
3516.8	
3569.6	
3593.6	
3619.2	
3601.6	
3476.8	
3628.8	
3569.6	
3518.4	
3473.6	
3528	
3417.6	
3457.6	
3425.6	
3443.2	
3582.4	
3532.8	
3494.4	
3388.8	
3505.6	
3528	
3528	
3635.2	
3582.4	
3531.2	
3584	
3684.8	
3604.8	
3620.8	
3643.2	
3462.4	
3505.6	
3454.4	
3574.4	
3451.2	
3552	
3564.8	
3504	
3652.8	
3763.2	
3574.4	
3580.8	
3416	
3454.4	
3632	
3433.6	
3406.4	
3464	
3571.2	
3492.8	
3488	
3588.8	
3456	
3416	
3385.6	
3460.8	
3550.4	
3537.6	
3475.2	
3510.4	
3556.8	
3539.2	
3512	
3619.2	
3609.6	
3571.2	
3603.2	
3547.2	
3606.4	
3622.4	
3539.2	
3380.8	
3481.6	
3473.6	
3582.4	
3576	
3641.6	
3508.8	
3628.8	
3539.2	
3400	
3569.6	
3464	
3456	
3441.6	
3497.6	
3360	
3596.8	
3636.8	
3708.8	
3547.2	
3595.2	
3486.4	
3545.6	
3515.2	
3488	
3531.2	
3500.8	
3470.4	
3422.4	
3516.8	
3692.8	
3665.6	
3532.8	
3704	
3593.6	
3550.4	
3600	
3660.8	
3724.8	
3608	
3627.2	
3521.6	
3718.4	
3552	
3499.2	
3526.4	
3604.8	
3656	
3515.2	
3532.8	
3568	
3432	
3532.8	
3508.8	
3444.8	
3324.8	
3444.8	
3484.8	
3449.6	
3577.6	
3569.6	
3529.6	
3497.6	
3502.4	
3452.8	
3467.2	
3627.2	
3505.6	
3659.2	
3395.2	
3603.2	
3582.4	
3619.2	
3510.4	
3419.2	
3518.4	
3529.6	
3601.6	
3523.2	
3449.6	
3510.4	
3443.2	
3497.6	
3564.8	
3425.6	
3523.2	
3512	
3553.6	
3483.2	
3584	
3451.2	
3584	
3606.4	
3622.4	
3600	
3467.2	
3620.8	
3636.8	
3492.8	
3526.4	
3616	
3476.8	
3478.4	
3497.6	
3409.6	
3513.6	
3616	
3617.6	
3593.6	
3464	
3582.4	
3603.2	
3520	
3499.2	
3460.8	
3441.6	
3601.6	
3520	
3547.2	
3449.6	
3555.2	
3534.4	
3574.4	
3536	
3384	
3483.2	
3523.2	
3467.2	
3537.6	
3478.4	
3464	
3574.4	
3596.8	
3636.8	
3611.2	
3576	
3454.4	
3496	
3529.6	
3433.6	
3548.8	
3630.4	
3624	
3536	
3619.2	
3555.2	
3595.2	
3796.8	
3779.2	
3601.6	
3507.2	
3532.8	
3691.2	
3635.2	
3576	
3705.6	
3548.8	
3617.6	
3560	
3476.8	
3497.6	
3569.6	
3545.6	
3590.4	
3539.2	
3547.2	
3609.6	
3486.4	
3590.4	
3473.6	
3400	
3510.4	
3460.8	
3515.2	
3532.8	
3584	
3678.4	
3694.4	
3553.6	
3462.4	
3524.8	
3544	
3579.2	
3624	
3465.6	
3572.8	
3545.6	
3518.4	
3524.8	
3632	
3707.2	
3612.8	
3540.8	
3620.8	
3524.8	
3518.4	
3480	
3475.2	
3531.2	
3539.2	
3544	
3398.4	
3494.4	
3521.6	
3569.6	
3516.8	
3622.4	
3512	
3590.4	
3560	
3708.8	
3616	
3571.2	
3489.6	
3356.8	
3505.6	
3656	
3481.6	
3582.4	
3536	
3604.8	
3502.4	
3665.6	
3664	
3486.4	
3579.2	
3574.4	
3574.4	
3532.8	
3574.4	
3489.6	
3572.8	
3473.6	
3662.4	
3515.2	
3496	
3574.4	
3510.4	
3542.4	
3456	
3540.8	
3657.6	
3579.2	
3561.6	
3448	
3556.8	
3459.2	
3590.4	
3646.4	
3635.2	
3585.6	
3480	
3467.2	
3582.4	
3491.2	
3488	
3584	
3488	
3544	
3526.4	
3513.6	
3571.2	
3632	
3636.8	
3654.4	
3526.4	
3499.2	
3520	
3401.6	
3569.6	
3566.4	
3571.2	
3542.4	
3524.8	
3433.6	
3596.8	
3534.4	
3568	
3508.8	
3512	
3512	
3592	
3584	
3635.2	
3542.4	
3606.4	
3433.6	
3435.2	
3467.2	
3560	
3456	
3512	
3596.8	
3638.4	
3600	
3638.4	
3574.4	
3544	
3459.2	
3633.6	
3696	
3624	
3622.4	
3542.4	
3518.4	
3510.4	
3528	
3513.6	
3464	
3576	
3528	
3689.6	
3640	
3484.8	
3478.4	
3459.2	
3460.8	
3542.4	
3456	
3595.2	
3632	
3692.8	
3582.4	
3556.8	
3576	
3572.8	
3622.4	
3636.8	
3475.2	
3500.8	
3560	
3577.6	
3563.2	
3547.2	
3590.4	
3558.4	
3614.4	
3625.6	
3430.4	
3563.2	
3561.6	
3628.8	
3747.2	
3553.6	
3598.4	
3547.2	
3624	
3617.6	
3440	
3409.6	
3606.4	
3596.8	
3510.4	
3486.4	
3609.6	
3611.2	
3652.8	
3572.8	
3355.2	
3465.6	
3404.8	
3515.2	
3483.2	
3579.2	
3620.8	
3563.2	
3510.4	
3568	
3665.6	
3611.2	
3587.2	
3528	
3529.6	
3384	
3644.8	
3544	
3488	
3404.8	
3547.2	
3499.2	
3593.6	
3632	
3558.4	
3675.2	
3470.4	
3539.2	
3432	
3504	
3596.8	
3564.8	
3640	
3664	
3542.4	
3491.2	
3462.4	
3529.6	
3683.2	
3484.8	
3577.6	
3545.6	
3484.8	
3416	
3558.4	
3579.2	
3708.8	
3628.8	
3558.4	
3611.2	
3499.2	
3595.2	
3588.8	
3584	
3617.6	
3505.6	
3526.4	
3696	
3620.8	
3609.6	
3491.2	
3528	
3566.4	
3561.6	
3547.2	
3561.6	
3577.6	
3515.2	
3545.6	
3600	
3580.8	
3700.8	
3627.2	
3595.2	
3576	
3576	
3577.6	
3515.2	
3576	
3580.8	
3556.8	
3475.2	
3524.8	
3539.2	
3433.6	
3601.6	
3526.4	
3526.4	
3606.4	
3574.4	
3521.6	
3558.4	
3710.4	
3532.8	
3564.8	
3452.8	
3443.2	
3475.2	
3648	
3574.4	
3545.6	
3616	
3628.8	
3524.8	
3593.6	
3515.2	
3572.8	
3556.8	
3590.4	
3582.4	
3529.6	
3536	
3595.2	
3582.4	
3595.2	
3558.4	
3467.2	
3539.2	
3548.8	
3497.6	
3470.4	
3393.6	
3540.8	
3539.2	
3536	
3494.4	
3670.4	
3684.8	
3606.4	
3740.8	
3640	
3609.6	
3585.6	
3481.6	
3590.4	
3588.8	
3470.4	
3596.8	
3603.2	
3569.6	
3736	
3601.6	
3628.8	
3755.2	
3638.4	
3576	
3643.2	
3564.8	
3504	
3596.8	
3512	
3596.8	
3718.4	
3625.6	
3691.2	
3640	
3683.2	
3596.8	
3553.6	
3686.4	
3521.6	
3577.6	
3528	
3648	
3537.6	
3614.4	
3515.2	
3561.6	
3460.8	
3408	
3526.4	
3556.8	
3526.4	
3628.8	
3648	
3592	
3601.6	
3585.6	
3497.6	
3500.8	
3438.4	
3604.8	
3585.6	
3558.4	
3396.8	
3507.2	
3502.4	
3446.4	
3556.8	
3564.8	
3510.4	
3409.6	
3489.6	
3547.2	
3646.4	
3497.6	
3516.8	
3464	
3451.2	
3534.4	
3400	
3417.6	
3574.4	
3619.2	
3497.6	
3470.4	
3489.6	
3460.8	
3411.2	
3401.6	
3459.2	
3620.8	
3670.4	
3582.4	
3609.6	
3449.6	
3515.2	
3611.2	
3548.8	
3502.4	
3550.4	
3520	
3497.6	
3547.2	
3558.4	
3545.6	
3620.8	
3536	
3576	
3491.2	
3428.8	
3523.2	
3489.6	
3558.4	
3678.4	
3633.6	
3537.6	
3617.6	
3568	
3600	
3601.6	
3532.8	
3561.6	
3512	
