1725.6	
5282.4	
6400.8	
6806.4	
7161.6	
7370.4	
7440	
7593.6	
7418.4	
7425.6	
7713.6	
7593.6	
7504.8	
7500	
7420.8	
7545.6	
7670.4	
7610.4	
7653.6	
7538.4	
7641.6	
7759.2	
7780.8	
7500	
7588.8	
7574.4	
7495.2	
7504.8	
7500	
7627.2	
7742.4	
7624.8	
7716	
7778.4	
7860	
7946.4	
7984.8	
7996.8	
7824	
7615.2	
7831.2	
7776	
7684.8	
7759.2	
7579.2	
7660.8	
7836	
7812	
7704	
7557.6	
7670.4	
7785.6	
7795.2	
7579.2	
7545.6	
7444.8	
7713.6	
7749.6	
7509.6	
7497.6	
7550.4	
7425.6	
7536	
7713.6	
7735.2	
7545.6	
7495.2	
7531.2	
7562.4	
7728	
7670.4	
7620	
7725.6	
7584	
7622.4	
7564.8	
7800	
7771.2	
7629.6	
7747.2	
7552.8	
7574.4	
7507.2	
7600.8	
7550.4	
7476	
7615.2	
7557.6	
7598.4	
7459.2	
7665.6	
7759.2	
7747.2	
7596	
7699.2	
7850.4	
7807.2	
7804.8	
7641.6	
7766.4	
7620	
7586.4	
7425.6	
7353.6	
7524	
7600.8	
7833.6	
7644	
7512	
7776	
7740	
7766.4	
7624.8	
7605.6	
7584	
7742.4	
8004	
7795.2	
7732.8	
7773.6	
7908	
7876.8	
7850.4	
7836	
7641.6	
7692	
7742.4	
7764	
7730.4	
7795.2	
7852.8	
7574.4	
7598.4	
7723.2	
7706.4	
7550.4	
7696.8	
7720.8	
7843.2	
7776	
7764	
7752	
7704	
7800	
7759.2	
7670.4	
7636.8	
7536	
7584	
7677.6	
7677.6	
7833.6	
7783.2	
7747.2	
7788	
7879.2	
7860	
7936.8	
7761.6	
7857.6	
7785.6	
7656	
7768.8	
7519.2	
7538.4	
7804.8	
8018.4	
7828.8	
7742.4	
7872	
7809.6	
7910.4	
7747.2	
7636.8	
7665.6	
7804.8	
7586.4	
7533.6	
7632	
7581.6	
7692	
7783.2	
7917.6	
7728	
7648.8	
7588.8	
7632	
7708.8	
7771.2	
7696.8	
7665.6	
7744.8	
7586.4	
7550.4	
7519.2	
7569.6	
7785.6	
7872	
7778.4	
7646.4	
7545.6	
7653.6	
7490.4	
7509.6	
7569.6	
7648.8	
7598.4	
7528.8	
7665.6	
7795.2	
7732.8	
7812	
7893.6	
7677.6	
7636.8	
7598.4	
7548	
7548	
7526.4	
7629.6	
7550.4	
7488	
7418.4	
7600.8	
7653.6	
7557.6	
7521.6	
7639.2	
7735.2	
7687.2	
7550.4	
7632	
7749.6	
7521.6	
7435.2	
7425.6	
7473.6	
7442.4	
7672.8	
7622.4	
7668	
7651.2	
7701.6	
7591.2	
7713.6	
7704	
7742.4	
7660.8	
7668	
7692	
7749.6	
7612.8	
7596	
7605.6	
7581.6	
7586.4	
7670.4	
7752	
7651.2	
7641.6	
7584	
7730.4	
7665.6	
7802.4	
7737.6	
7776	
7545.6	
7689.6	
7752	
7891.2	
8006.4	
7876.8	
7816.8	
7608	
7812	
7754.4	
7692	
7723.2	
7641.6	
7480.8	
7716	
7792.8	
7900.8	
7665.6	
7653.6	
7639.2	
7656	
7792.8	
7668	
7720.8	
7696.8	
7689.6	
7735.2	
7764	
7833.6	
7730.4	
7692	
7653.6	
7480.8	
7701.6	
7634.4	
7764	
7644	
7716	
7656	
7708.8	
7915.2	
7668	
7711.2	
7689.6	
7598.4	
7684.8	
7629.6	
7464	
7538.4	
7696.8	
7591.2	
7682.4	
7728	
7826.4	
7795.2	
7771.2	
7788	
7852.8	
7773.6	
7706.4	
7572	
7591.2	
7555.2	
7778.4	
7653.6	
7581.6	
7581.6	
7598.4	
7617.6	
7512	
7677.6	
7658.4	
7636.8	
7538.4	
7591.2	
7656	
7528.8	
7696.8	
7773.6	
7984.8	
7744.8	
7768.8	
7644	
7576.8	
7632	
7672.8	
7651.2	
7639.2	
7677.6	
7586.4	
7550.4	
7687.2	
7737.6	
7653.6	
7708.8	
7752	
7766.4	
7759.2	
7785.6	
7730.4	
7852.8	
7704	
7502.4	
7699.2	
7663.2	
7459.2	
7646.4	
7644	
7656	
7725.6	
7596	
7694.4	
7819.2	
7876.8	
7752	
7658.4	
7648.8	
7689.6	
7795.2	
7365.6	
7509.6	
7754.4	
7639.2	
7773.6	
7692	
7610.4	
7737.6	
7756.8	
7668	
7749.6	
7689.6	
7728	
7651.2	
7720.8	
7833.6	
7723.2	
7730.4	
7641.6	
7665.6	
7627.2	
7768.8	
7754.4	
7689.6	
7514.4	
7502.4	
7543.2	
7759.2	
7711.2	
7617.6	
7696.8	
7802.4	
7603.2	
7716	
7963.2	
8004	
7802.4	
7785.6	
7716	
7629.6	
7624.8	
7636.8	
7634.4	
7723.2	
7596	
7615.2	
7593.6	
7567.2	
7694.4	
7564.8	
7538.4	
7728	
7737.6	
7780.8	
7687.2	
7663.2	
7668	
7576.8	
7591.2	
7545.6	
7629.6	
7624.8	
7555.2	
7507.2	
7533.6	
7627.2	
7557.6	
7605.6	
7636.8	
7747.2	
7711.2	
7644	
7821.6	
7816.8	
7675.2	
7696.8	
7555.2	
7557.6	
7550.4	
7639.2	
7557.6	
7764	
7711.2	
7776	
7783.2	
7809.6	
7658.4	
7768.8	
7550.4	
7648.8	
7838.4	
7656	
7447.2	
7675.2	
7612.8	
7622.4	
7845.6	
7867.2	
7723.2	
7713.6	
7764	
7807.2	
7780.8	
7828.8	
7780.8	
7723.2	
7728	
7548	
7747.2	
7658.4	
7560	
7572	
7701.6	
7814.4	
7651.2	
7831.2	
7778.4	
7768.8	
7651.2	
7754.4	
7706.4	
7732.8	
7608	
7692	
7701.6	
7557.6	
7605.6	
7639.2	
7771.2	
7984.8	
7927.2	
7888.8	
7872	
7867.2	
7833.6	
7804.8	
7675.2	
7723.2	
7473.6	
7644	
7903.2	
8044.8	
7999.2	
7720.8	
7795.2	
7792.8	
7792.8	
7687.2	
7800	
7648.8	
7696.8	
7555.2	
7596	
7768.8	
7792.8	
7680	
7624.8	
7617.6	
7608	
7788	
7771.2	
7754.4	
7857.6	
8044.8	
7898.4	
7886.4	
7773.6	
7821.6	
7699.2	
7927.2	
7701.6	
7704	
7790.4	
7732.8	
7639.2	
7665.6	
7684.8	
7795.2	
7708.8	
7728	
7821.6	
7855.2	
7790.4	
8013.6	
7831.2	
7624.8	
7790.4	
7627.2	
7617.6	
7516.8	
7488	
7404	
7488	
7584	
7564.8	
7800	
7771.2	
7696.8	
7864.8	
7864.8	
7737.6	
7648.8	
7588.8	
7675.2	
7617.6	
7795.2	
7586.4	
7742.4	
7792.8	
7684.8	
7802.4	
7898.4	
7797.6	
7720.8	
7814.4	
7893.6	
7636.8	
7689.6	
7891.2	
7996.8	
8018.4	
7963.2	
8073.6	
8066.4	
7843.2	
7924.8	
7828.8	
7502.4	
7672.8	
7963.2	
7824	
7874.4	
7785.6	
7802.4	
7680	
7696.8	
7653.6	
7737.6	
7879.2	
7756.8	
7610.4	
7660.8	
7718.4	
7663.2	
7694.4	
7672.8	
7768.8	
7634.4	
7615.2	
7816.8	
7723.2	
7711.2	
7552.8	
7615.2	
7785.6	
7898.4	
7833.6	
7891.2	
7780.8	
7771.2	
7836	
7814.4	
7636.8	
7651.2	
7500	
7576.8	
7608	
7586.4	
7536	
7591.2	
7672.8	
7454.4	
7682.4	
7677.6	
7586.4	
7632	
7562.4	
7593.6	
7536	
7502.4	
7608	
7478.4	
7538.4	
7620	
7603.2	
7706.4	
7588.8	
7680	
7804.8	
7766.4	
7833.6	
7800	
7581.6	
7365.6	
7519.2	
7502.4	
7303.2	
7550.4	
7612.8	
7509.6	
7670.4	
7670.4	
7728	
7836	
7802.4	
7788	
7780.8	
7694.4	
7572	
7718.4	
7708.8	
7581.6	
7622.4	
7723.2	
7670.4	
7651.2	
7641.6	
7615.2	
7452	
7620	
7531.2	
7752	
7725.6	
7540.8	
7718.4	
7812	
7708.8	
7792.8	
7682.4	
7759.2	
7819.2	
7687.2	
7687.2	
7540.8	
7507.2	
7552.8	
7480.8	
7564.8	
7617.6	
7524	
7502.4	
7543.2	
7648.8	
7627.2	
7579.2	
7663.2	
7730.4	
7670.4	
7608	
7713.6	
7596	
7804.8	
7680	
7704	
7807.2	
7728	
7668	
7720.8	
7809.6	
7560	
7689.6	
7824	
7809.6	
7840.8	
7783.2	
7869.6	
7641.6	
7672.8	
7543.2	
7644	
7639.2	
7617.6	
7672.8	
7792.8	
7764	
7761.6	
7807.2	
7896	
7696.8	
7687.2	
7500	
7600.8	
7543.2	
7548	
7524	
7603.2	
7471.2	
7344	
7461.6	
7418.4	
7524	
7596	
7672.8	
7478.4	
7531.2	
7365.6	
7447.2	
7480.8	
7512	
7689.6	
7747.2	
7922.4	
8071.2	
7857.6	
7927.2	
8011.2	
7867.2	
7747.2	
7821.6	
7800	
7747.2	
7848	
7653.6	
7574.4	
7682.4	
7819.2	
7977.6	
7812	
7790.4	
7653.6	
7713.6	
7617.6	
7658.4	
7668	
7831.2	
7797.6	
7843.2	
7924.8	
7953.6	
7725.6	
7713.6	
7663.2	
7675.2	
7634.4	
7778.4	
7752	
7699.2	
7742.4	
7651.2	
7593.6	
7485.6	
7512	
7524	
7740	
7564.8	
7473.6	
7622.4	
7651.2	
7699.2	
7545.6	
7574.4	
7526.4	
7701.6	
7672.8	
7687.2	
7776	
7792.8	
7694.4	
7684.8	
7660.8	
7790.4	
7701.6	
7624.8	
7581.6	
7804.8	
7807.2	
7819.2	
7874.4	
7824	
7706.4	
7900.8	
7807.2	
7773.6	
7749.6	
7675.2	
7814.4	
7771.2	
7788	
7864.8	
7768.8	
7807.2	
7629.6	
7732.8	
7622.4	
7562.4	
7591.2	
7581.6	
7528.8	
7581.6	
7521.6	
7471.2	
7701.6	
7742.4	
7725.6	
7821.6	
7917.6	
7766.4	
7766.4	
7711.2	
7850.4	
7833.6	
7855.2	
7718.4	
7600.8	
7620	
7646.4	
7756.8	
7821.6	
7754.4	
7723.2	
7725.6	
7639.2	
7636.8	
7586.4	
7737.6	
7740	
7672.8	
7701.6	
7586.4	
7504.8	
7416	
7704	
7716	
7884	
7783.2	
7828.8	
7824	
7704	
7658.4	
7819.2	
7708.8	
7574.4	
7684.8	
7788	
7759.2	
7732.8	
7668	
7665.6	
7838.4	
7723.2	
7620	
7629.6	
7680	
7682.4	
7483.2	
7735.2	
7684.8	
7646.4	
7665.6	
7675.2	
7711.2	
7591.2	
7610.4	
7584	
7732.8	
7653.6	
7708.8	
7656	
7776	
7766.4	
7804.8	
7699.2	
7516.8	
7581.6	
7687.2	
7634.4	
7617.6	
7504.8	
7704	
7644	
7689.6	
7560	
7536	
7504.8	
7567.2	
7708.8	
7680	
7706.4	
7687.2	
7766.4	
7504.8	
7514.4	
7576.8	
7627.2	
7596	
7548	
7632	
7492.8	
7440	
7365.6	
7540.8	
7588.8	
7452	
7562.4	
7720.8	
7785.6	
7591.2	
7720.8	
7845.6	
7756.8	
7814.4	
7816.8	
7795.2	
7732.8	
7704	
7552.8	
7588.8	
7795.2	
7704	
7612.8	
7826.4	
7812	
7828.8	
7761.6	
7768.8	
7785.6	
