2300.8	
7651.2	
9420.8	
10476.8	
11206.4	
11916.8	
12112	
12342.4	
12374.4	
12585.6	
13036.8	
13123.2	
13193.6	
13068.8	
13360	
13424	
13500.8	
13788.8	
13875.2	
14080	
14096	
13875.2	
13760	
13916.8	
14035.2	
13980.8	
13990.4	
13990.4	
14060.8	
14169.6	
14224	
14361.6	
14249.6	
14288	
14230.4	
14080	
14144	
14102.4	
14140.8	
14134.4	
14214.4	
14256	
14441.6	
14259.2	
14217.6	
14204.8	
14105.6	
14032	
13913.6	
13939.2	
14179.2	
14089.6	
14105.6	
14259.2	
14470.4	
14393.6	
14396.8	
14419.2	
14390.4	
14473.6	
14563.2	
14480	
14604.8	
14601.6	
14588.8	
14428.8	
14553.6	
14368	
14502.4	
14528	
14598.4	
14604.8	
14608	
14588.8	
14672	
14678.4	
14553.6	
14467.2	
14473.6	
14563.2	
14726.4	
14825.6	
14796.8	
14656	
14704	
14771.2	
14819.2	
14678.4	
14704	
14684.8	
14691.2	
14892.8	
14998.4	
14931.2	
15056	
14924.8	
14672	
14636.8	
14576	
14620.8	
14704	
14716.8	
14816	
14726.4	
14601.6	
14604.8	
14780.8	
14822.4	
14668.8	
14537.6	
14665.6	
14688	
14643.2	
14771.2	
14809.6	
14793.6	
14825.6	
14838.4	
14732.8	
14857.6	
14915.2	
14755.2	
14745.6	
14905.6	
14780.8	
14758.4	
14774.4	
14742.4	
14713.6	
14704	
14796.8	
14684.8	
14716.8	
14876.8	
14982.4	
14803.2	
14854.4	
14617.6	
14528	
14598.4	
14524.8	
14640	
14777.6	
14681.6	
14697.6	
14752	
14883.2	
14963.2	
14928	
14844.8	
14864	
14688	
14630.4	
14742.4	
14659.2	
14748.8	
14710.4	
14771.2	
14566.4	
14464	
14438.4	
14592	
14505.6	
14640	
14604.8	
14467.2	
14656	
14761.6	
14694.4	
14742.4	
14614.4	
14544	
14515.2	
14745.6	
14713.6	
14704	
14608	
14576	
14480	
14323.2	
14368	
14540.8	
14588.8	
14502.4	
14304	
14179.2	
14393.6	
14483.2	
14598.4	
14534.4	
14550.4	
14601.6	
14630.4	
14787.2	
14931.2	
14796.8	
15068.8	
14864	
14659.2	
14409.6	
14563.2	
14563.2	
14534.4	
14707.2	
14726.4	
14707.2	
14729.6	
14745.6	
14668.8	
14742.4	
14912	
14934.4	
14915.2	
14803.2	
14620.8	
14854.4	
14700.8	
14748.8	
14950.4	
15027.2	
15113.6	
14928	
14960	
14844.8	
14956.8	
14889.6	
15008	
14896	
14812.8	
14969.6	
14742.4	
14857.6	
14860.8	
14972.8	
14870.4	
14873.6	
14848	
14880	
14780.8	
14841.6	
14800	
14710.4	
14918.4	
14870.4	
14944	
14835.2	
14812.8	
14806.4	
14944	
14966.4	
14880	
14918.4	
14947.2	
14902.4	
15024	
15020.8	
14963.2	
15043.2	
14886.4	
14931.2	
14969.6	
14851.2	
14969.6	
14931.2	
15033.6	
14899.2	
14864	
14806.4	
14790.4	
14902.4	
14723.2	
14793.6	
14880	
14844.8	
14880	
14928	
15011.2	
15056	
15027.2	
15206.4	
15203.2	
15276.8	
15075.2	
15075.2	
15142.4	
15184	
15126.4	
14979.2	
15116.8	
15136	
14992	
14982.4	
14982.4	
15056	
14985.6	
15062.4	
15081.6	
15014.4	
14972.8	
14992	
14937.6	
14969.6	
14972.8	
14835.2	
14646.4	
14710.4	
14812.8	
14921.6	
14688	
14710.4	
14713.6	
14489.6	
14566.4	
14585.6	
14588.8	
14608	
14572.8	
14819.2	
14844.8	
14726.4	
14672	
14777.6	
15033.6	
15091.2	
14944	
15033.6	
15097.6	
15008	
15084.8	
14998.4	
14953.6	
14902.4	
14880	
14960	
14902.4	
14873.6	
14835.2	
14758.4	
14688	
14662.4	
14486.4	
14512	
14467.2	
14499.2	
14617.6	
14662.4	
14771.2	
14790.4	
14745.6	
14739.2	
14681.6	
14761.6	
14729.6	
14675.2	
14604.8	
14809.6	
14812.8	
14841.6	
14880	
14953.6	
14825.6	
14918.4	
14729.6	
14668.8	
14739.2	
14659.2	
14668.8	
14640	
14697.6	
14704	
14604.8	
14454.4	
14454.4	
14524.8	
14774.4	
14713.6	
14524.8	
14544	
14416	
14371.2	
14364.8	
14608	
14777.6	
14704	
14707.2	
14592	
14576	
14515.2	
14547.2	
14636.8	
14739.2	
14774.4	
14579.2	
14716.8	
14617.6	
14585.6	
14585.6	
14499.2	
14502.4	
14668.8	
14652.8	
14540.8	
14515.2	
14435.2	
14528	
14579.2	
14636.8	
14700.8	
14700.8	
14652.8	
14595.2	
14521.6	
14470.4	
14320	
14358.4	
14486.4	
14572.8	
14633.6	
14547.2	
14416	
14432	
14326.4	
14406.4	
14700.8	
14774.4	
14665.6	
14768	
14643.2	
14572.8	
14496	
14486.4	
14342.4	
14553.6	
14646.4	
14793.6	
14828.8	
14777.6	
14755.2	
14819.2	
14835.2	
14915.2	
14736	
14908.8	
14873.6	
14800	
14816	
14742.4	
14640	
14953.6	
14812.8	
14681.6	
14848	
14777.6	
14982.4	
14972.8	
14873.6	
14918.4	
14860.8	
14880	
14684.8	
14592	
14624	
14665.6	
14720	
14630.4	
14720	
14700.8	
14553.6	
14697.6	
14787.2	
14796.8	
14960	
14800	
14848	
14697.6	
14723.2	
14822.4	
14848	
14832	
14803.2	
14960	
14828.8	
14739.2	
14886.4	
14640	
14787.2	
14742.4	
14707.2	
14691.2	
14681.6	
14723.2	
14816	
14630.4	
14742.4	
14780.8	
14588.8	
14793.6	
14896	
14883.2	
14928	
14892.8	
15052.8	
15126.4	
15222.4	
15283.2	
15472	
15427.2	
15353.6	
15129.6	
15251.2	
15052.8	
15027.2	
14825.6	
14844.8	
15017.6	
15049.6	
14940.8	
14953.6	
15104	
15059.2	
15126.4	
15107.2	
15008	
15027.2	
14982.4	
14944	
15024	
15334.4	
15420.8	
15526.4	
15366.4	
15196.8	
15235.2	
15196.8	
15161.6	
15193.6	
15148.8	
15056	
15139.2	
14972.8	
15072	
15068.8	
14902.4	
15030.4	
15040	
15104	
15030.4	
14979.2	
15209.6	
15260.8	
15286.4	
15260.8	
15145.6	
15056	
15315.2	
15296	
15177.6	
15046.4	
15072	
15043.2	
15088	
15072	
15094.4	
15177.6	
15126.4	
15232	
14992	
14976	
15049.6	
14988.8	
14876.8	
14870.4	
14886.4	
14816	
14896	
14790.4	
14822.4	
14806.4	
14838.4	
14905.6	
14860.8	
14915.2	
14851.2	
14966.4	
14944	
14924.8	
14816	
14880	
15107.2	
15145.6	
14969.6	
15004.8	
15059.2	
15097.6	
15100.8	
15142.4	
15043.2	
15075.2	
14950.4	
14966.4	
15081.6	
15078.4	
15024	
15068.8	
15020.8	
14985.6	
15011.2	
14902.4	
14886.4	
14880	
14857.6	
14992	
15196.8	
15104	
15059.2	
15052.8	
15139.2	
15024	
14924.8	
15097.6	
15196.8	
14969.6	
14944	
14992	
15094.4	
14940.8	
14969.6	
15072	
15056	
15068.8	
15052.8	
15078.4	
14992	
14976	
14972.8	
15030.4	
15020.8	
15180.8	
15075.2	
15088	
15308.8	
15276.8	
15401.6	
15376	
15536	
15411.2	
15350.4	
15158.4	
15193.6	
15180.8	
15081.6	
15020.8	
14924.8	
14992	
15148.8	
15033.6	
15059.2	
14956.8	
15142.4	
15116.8	
15158.4	
15104	
14953.6	
14953.6	
14902.4	
14979.2	
14880	
15104	
15145.6	
15097.6	
15088	
15177.6	
15161.6	
15059.2	
15273.6	
15283.2	
15244.8	
15305.6	
15136	
15046.4	
15190.4	
14915.2	
14982.4	
15104	
15027.2	
14915.2	
14979.2	
14944	
14947.2	
15040	
15068.8	
15158.4	
15049.6	
15008	
14793.6	
14726.4	
14761.6	
14880	
14876.8	
14838.4	
14761.6	
14921.6	
14982.4	
14988.8	
14816	
14924.8	
15033.6	
14940.8	
15040	
15040	
15152	
14857.6	
14963.2	
14985.6	
15040	
15132.8	
14976	
14864	
14720	
14892.8	
14892.8	
14969.6	
15008	
15084.8	
15011.2	
15075.2	
14972.8	
14886.4	
14940.8	
14950.4	
15072	
15075.2	
14953.6	
14944	
15049.6	
15068.8	
15097.6	
15084.8	
15052.8	
14876.8	
14950.4	
15004.8	
14889.6	
15033.6	
14966.4	
15043.2	
15212.8	
15401.6	
15312	
15238.4	
15110.4	
15017.6	
15001.6	
14899.2	
14793.6	
15008	
14889.6	
14924.8	
14748.8	
14656	
14668.8	
14819.2	
14889.6	
14876.8	
14915.2	
14886.4	
14835.2	
14806.4	
15017.6	
15129.6	
15180.8	
15171.2	
15257.6	
14988.8	
15030.4	
15046.4	
14918.4	
15129.6	
15040	
15001.6	
14902.4	
15004.8	
15033.6	
14864	
14777.6	
14825.6	
14624	
14352	
14400	
14537.6	
14537.6	
14540.8	
14400	
14451.2	
14649.6	
14595.2	
14553.6	
14608	
14592	
14745.6	
14883.2	
14918.4	
14998.4	
14835.2	
14806.4	
14588.8	
14547.2	
14720	
14758.4	
14883.2	
14870.4	
14988.8	
15107.2	
15078.4	
14982.4	
14902.4	
14736	
14739.2	
14832	
14748.8	
14646.4	
14825.6	
15072	
14803.2	
14790.4	
14761.6	
14713.6	
14848	
14806.4	
15049.6	
14934.4	
14982.4	
14870.4	
14838.4	
14835.2	
14678.4	
14736	
14764.8	
14780.8	
14620.8	
14656	
14668.8	
14755.2	
14908.8	
15049.6	
14928	
14851.2	
14902.4	
14793.6	
14688	
14780.8	
14764.8	
14716.8	
14560	
14739.2	
14729.6	
14742.4	
14713.6	
14688	
14825.6	
14816	
14768	
14579.2	
14435.2	
14544	
14489.6	
14448	
14492.8	
14368	
14432	
14476.8	
14467.2	
14534.4	
14416	
14406.4	
14304	
14336	
14320	
14224	
14240	
14326.4	
14368	
14361.6	
14297.6	
14304	
14262.4	
14169.6	
14342.4	
14246.4	
14294.4	
14300.8	
14371.2	
14480	
14502.4	
14515.2	
14675.2	
14678.4	
14531.2	
14512	
14630.4	
14777.6	
14905.6	
14838.4	
14921.6	
14793.6	
14537.6	
14633.6	
14569.6	
14646.4	
14969.6	
14560	
14633.6	
14627.2	
14540.8	
14576	
14633.6	
14476.8	
14540.8	
14595.2	
14483.2	
14579.2	
14697.6	
14777.6	
14883.2	
14716.8	
14819.2	
14672	
14643.2	
14710.4	
14678.4	
14809.6	
14841.6	
14803.2	
14864	
14825.6	
14982.4	
15036.8	
15075.2	
15046.4	
14928	
15184	
15206.4	
15171.2	
15046.4	
15136	
15113.6	
15184	
15097.6	
15260.8	
15132.8	
15017.6	
15011.2	
14835.2	
15017.6	
15113.6	
15024	
15068.8	
15011.2	
15088	
15190.4	
15027.2	
15040	
15116.8	
14848	
14841.6	
14934.4	
15046.4	
14966.4	
14972.8	
15030.4	
14940.8	
14828.8	
14934.4	
15036.8	
15139.2	
15065.6	
15164.8	
15104	
15136	
15145.6	
15043.2	
15107.2	
14956.8	
14777.6	
14896	
14851.2	
14828.8	
14889.6	
14899.2	
15001.6	
15008	
15030.4	
15008	
14777.6	
14940.8	
15078.4	
15200	
15094.4	
15046.4	
15065.6	
14822.4	
15078.4	
15155.2	
15008	
15257.6	
15139.2	
14864	
14934.4	
14934.4	
15033.6	
15065.6	
15088	
15046.4	
15081.6	
14876.8	
14822.4	
14931.2	
15056	
14960	
15145.6	
15164.8	
15232	
15107.2	
14972.8	
15040	
15052.8	
14860.8	
14812.8	
14784	
14864	
14892.8	
14969.6	
15024	
15107.2	
15094.4	
15196.8	
15084.8	
14969.6	
15088	
14963.2	
15072	
15011.2	
14918.4	
14656	
14771.2	
14876.8	
14963.2	
14784	
14771.2	
14633.6	
14707.2	
14835.2	
14665.6	
14704	
14668.8	
14886.4	
14726.4	
14665.6	
14707.2	
14816	
14918.4	
14944	
14809.6	
14819.2	
14873.6	
15020.8	
14899.2	
15020.8	
14934.4	
15008	
14953.6	
14953.6	
14944	
14928	
14963.2	
14899.2	
14886.4	
14803.2	
14908.8	
14876.8	
14662.4	
14697.6	
14835.2	
14812.8	
14918.4	
15027.2	
15024	
14800	
14614.4	
14828.8	
14844.8	
14988.8	
14848	
14819.2	
14784	
14844.8	
14899.2	
14915.2	
14809.6	
14745.6	
14931.2	
14905.6	
14953.6	
14841.6	
14892.8	
14787.2	
14841.6	
14892.8	
14960	
14723.2	
14572.8	
14796.8	
15011.2	
14870.4	
14950.4	
14796.8	
14700.8	
14636.8	
14611.2	
14764.8	
14876.8	
14745.6	
14668.8	
14675.2	
14620.8	
14649.6	
14713.6	
14720	
14652.8	
14854.4	
14742.4	
14870.4	
14953.6	
14806.4	
14787.2	
14806.4	
14966.4	
15171.2	
14947.2	
14825.6	
14899.2	
14784	
14940.8	
14854.4	
14918.4	
14777.6	
14768	
14822.4	
14880	
14905.6	
14787.2	
14940.8	
15104	
15171.2	
15004.8	
15177.6	
15238.4	
15276.8	
15334.4	
15219.2	
15392	
15379.2	
15353.6	
15337.6	
15449.6	
15472	
15440	
15436.8	
15331.2	
15155.2	
15363.2	
15174.4	
15203.2	
15296	
15174.4	
15360	
15219.2	
15164.8	
15094.4	
15180.8	
15267.2	
15171.2	
15068.8	
14883.2	
14956.8	
14953.6	
15033.6	
14819.2	
14928	
14985.6	
15065.6	
15030.4	
15065.6	
15136	
15049.6	
14902.4	
15001.6	
14924.8	
14940.8	
14960	
14918.4	
15104	
14880	
14972.8	
14902.4	
14960	
14854.4	
14704	
14694.4	
14736	
14723.2	
14588.8	
14748.8	
14688	
14716.8	
14832	
14899.2	
14835.2	
14883.2	
15030.4	
15049.6	
15110.4	
15062.4	
15024	
15043.2	
15123.2	
14982.4	
15011.2	
14992	
15027.2	
15017.6	
14883.2	
15001.6	
15142.4	
15132.8	
14969.6	
14832	
14825.6	
14892.8	
14876.8	
14937.6	
14736	
14828.8	
14931.2	
15014.4	
14985.6	
14944	
15081.6	
15040	
14953.6	
14806.4	
14816	
15008	
15209.6	
15174.4	
15222.4	
15180.8	
15158.4	
15094.4	
14902.4	
14812.8	
14787.2	
14982.4	
14912	
15091.2	
15068.8	
15033.6	
15094.4	
15072	
14931.2	
14844.8	
15123.2	
15136	
15116.8	
15097.6	
15148.8	
15152	
15100.8	
15011.2	
15004.8	
15052.8	
15283.2	
15027.2	
14928	
14928	
15014.4	
15123.2	
15321.6	
15305.6	
15251.2	
15209.6	
15110.4	
14998.4	
15081.6	
14972.8	
14758.4	
14780.8	
14896	
14732.8	
14812.8	
14972.8	
14992	
14902.4	
14912	
15104	
15254.4	
15257.6	
15152	
15184	
15142.4	
15142.4	
15062.4	
14956.8	
15059.2	
15187.2	
15241.6	
15139.2	
15084.8	
15158.4	
15388.8	
15235.2	
15072	
14950.4	
14988.8	
15068.8	
15139.2	
15123.2	
15184	
15161.6	
15088	
15008	
15065.6	
14966.4	
14905.6	
14924.8	
14876.8	
14758.4	
14822.4	
14707.2	
14720	
14867.2	
14764.8	
14739.2	
14758.4	
14912	
15008	
14870.4	
14870.4	
14940.8	
14828.8	
15094.4	
15014.4	
15110.4	
15241.6	
15331.2	
15312	
15347.2	
15241.6	
15097.6	
15168	
15171.2	
15094.4	
15084.8	
14934.4	
14848	
14864	
14966.4	
14857.6	
14937.6	
14876.8	
14979.2	
14822.4	
14796.8	
14982.4	
14928	
15056	
15001.6	
15072	
15132.8	
14969.6	
14643.2	
14736	
14912	
15011.2	
14918.4	
14707.2	
14832	
15011.2	
15129.6	
14992	
14950.4	
15081.6	
15097.6	
15174.4	
15174.4	
15116.8	
15110.4	
15091.2	
15100.8	
14988.8	
15049.6	
15110.4	
15126.4	
15164.8	
15235.2	
15187.2	
15203.2	
15171.2	
15040	
14841.6	
14905.6	
14713.6	
14617.6	
14614.4	
14700.8	
14723.2	
14752	
14822.4	
14889.6	
14889.6	
15078.4	
14918.4	
14921.6	
14876.8	
14908.8	
14937.6	
15116.8	
15116.8	
14988.8	
15056	
15088	
15065.6	
15171.2	
15251.2	
15174.4	
15206.4	
15030.4	
14982.4	
15014.4	
15094.4	
14873.6	
14870.4	
14691.2	
14812.8	
14860.8	
15027.2	
14995.2	
14889.6	
14982.4	
15049.6	
15206.4	
15273.6	
15273.6	
15305.6	
15097.6	
15315.2	
15324.8	
15280	
15292.8	
15414.4	
15462.4	
15206.4	
15254.4	
15248	
15292.8	
15068.8	
15292.8	
15193.6	
15097.6	
14905.6	
14816	
15011.2	
14979.2	
15033.6	
15235.2	
15065.6	
15180.8	
15139.2	
15014.4	
14972.8	
14972.8	
15024	
15180.8	
15187.2	
15116.8	
14864	
14908.8	
14995.2	
14860.8	
14835.2	
14851.2	
14841.6	
14918.4	
15033.6	
15020.8	
14947.2	
14838.4	
15020.8	
14886.4	
14953.6	
14748.8	
14809.6	
14816	
14736	
14672	
14704	
14707.2	
14505.6	
14640	
14588.8	
14592	
14432	
14569.6	
14761.6	
14720	
14646.4	
14579.2	
14748.8	
14793.6	
14761.6	
14940.8	
14998.4	
15088	
15027.2	
14819.2	
14694.4	
14659.2	
14595.2	
14704	
14643.2	
14675.2	
14704	
14768	
14608	
14681.6	
14662.4	
14832	
14761.6	
14764.8	
14787.2	
14860.8	
14841.6	
14956.8	
14873.6	
14870.4	
14787.2	
14761.6	
14656	
14713.6	
14515.2	
14483.2	
14675.2	
14812.8	
14812.8	
14784	
14707.2	
14748.8	
14515.2	
14652.8	
14752	
14800	
14771.2	
14643.2	
14819.2	
14771.2	
14678.4	
14729.6	
14848	
14665.6	
14704	
14713.6	
14979.2	
15084.8	
15049.6	
15078.4	
14924.8	
14934.4	
15052.8	
14982.4	
14928	
15011.2	
14800	
14806.4	
15043.2	
14940.8	
14988.8	
14809.6	
14876.8	
14992	
15017.6	
15033.6	
14985.6	
14758.4	
14835.2	
14838.4	
14912	
14854.4	
14924.8	
15036.8	
14944	
14924.8	
15046.4	
15091.2	
15059.2	
15187.2	
15305.6	
15123.2	
15132.8	
15136	
14873.6	
14678.4	
14780.8	
14659.2	
14681.6	
14726.4	
14828.8	
14899.2	
14908.8	
14745.6	
14953.6	
14800	
14816	
14870.4	
14857.6	
14912	
15017.6	
15200	
15088	
15065.6	
15014.4	
14886.4	
14684.8	
14614.4	
14579.2	
14499.2	
14720	
14771.2	
14691.2	
14816	
14902.4	
14860.8	
14896	
14915.2	
14796.8	
14918.4	
14950.4	
15017.6	
15104	
14982.4	
14870.4	
14736	
14998.4	
14950.4	
14880	
14796.8	
14771.2	
14848	
14976	
14985.6	
14880	
15001.6	
15027.2	
15046.4	
14944	
14748.8	
14768	
15052.8	
15017.6	
15036.8	
14892.8	
14700.8	
14876.8	
15072	
15065.6	
14998.4	
14816	
14768	
14963.2	
14742.4	
14704	
14675.2	
14809.6	
14822.4	
15014.4	
14950.4	
15062.4	
15136	
15200	
15065.6	
15084.8	
15148.8	
15145.6	
15190.4	
15209.6	
15049.6	
14950.4	
15097.6	
15113.6	
15072	
14915.2	
14841.6	
14816	
14886.4	
14905.6	
14851.2	
14976	
14675.2	
14841.6	
14985.6	
14857.6	
14892.8	
14716.8	
14723.2	
14646.4	
14742.4	
14761.6	
14768	
14918.4	
14937.6	
15155.2	
15120	
15027.2	
14905.6	
14995.2	
14806.4	
14902.4	
15020.8	
14976	
14752	
14918.4	
14924.8	
15011.2	
14966.4	
15036.8	
14966.4	
15008	
15078.4	
14912	
14988.8	
14892.8	
14886.4	
14857.6	
14806.4	
14748.8	
14876.8	
14726.4	
14758.4	
14748.8	
14758.4	
14822.4	
14595.2	
14649.6	
14726.4	
14832	
14924.8	
14710.4	
14614.4	
14761.6	
14739.2	
14729.6	
14755.2	
14755.2	
14691.2	
14748.8	
14905.6	
14838.4	
14838.4	
14953.6	
14947.2	
14883.2	
14819.2	
14860.8	
14608	
14656	
14566.4	
14544	
14505.6	
14432	
14451.2	
14432	
14380.8	
14422.4	
14537.6	
14512	
14512	
14659.2	
14576	
14598.4	
14604.8	
14691.2	
14601.6	
14697.6	
14758.4	
14540.8	
14502.4	
14598.4	
14640	
14640	
14540.8	
14694.4	
14540.8	
14576	
14585.6	
14707.2	
14944	
15046.4	
14630.4	
14694.4	
14675.2	
14796.8	
14896	
14921.6	
14886.4	
14873.6	
14867.2	
15049.6	
14988.8	
15017.6	
14934.4	
15072	
15120	
14998.4	
14934.4	
15024	
15027.2	
15065.6	
15027.2	
15001.6	
14915.2	
14950.4	
14947.2	
15001.6	
14956.8	
14832	
14697.6	
14528	
14774.4	
14800	
15027.2	
15100.8	
14992	
14873.6	
14995.2	
15062.4	
14908.8	
14851.2	
14672	
14726.4	
14716.8	
14809.6	
14729.6	
14825.6	
15097.6	
15116.8	
15059.2	
14902.4	
14953.6	
14876.8	
14924.8	
14956.8	
14873.6	
15139.2	
15065.6	
14905.6	
14899.2	
14905.6	
14892.8	
14969.6	
14806.4	
14908.8	
14854.4	
15008	
14928	
14806.4	
14918.4	
14915.2	
14937.6	
14960	
15024	
15081.6	
15139.2	
15040	
14790.4	
14819.2	
14768	
14534.4	
14627.2	
14636.8	
14572.8	
14553.6	
14553.6	
14819.2	
14828.8	
14886.4	
14803.2	
14928	
14864	
14912	
14908.8	
14876.8	
14729.6	
14553.6	
14643.2	
14684.8	
14691.2	
14704	
14761.6	
14822.4	
14780.8	
14694.4	
14620.8	
14684.8	
14678.4	
14835.2	
14819.2	
14704	
14752	
14636.8	
14633.6	
14710.4	
14822.4	
14716.8	
14755.2	
14774.4	
14915.2	
14944	
14947.2	
15040	
15171.2	
15104	
14976	
14972.8	
15091.2	
15049.6	
15113.6	
15177.6	
15030.4	
14979.2	
14902.4	
14905.6	
14931.2	
14937.6	
14854.4	
14835.2	
14832	
14748.8	
14771.2	
14694.4	
14790.4	
14729.6	
14649.6	
14700.8	
14528	
14448	
14672	
14544	
14448	
14406.4	
14374.4	
14585.6	
14489.6	
14336	
14377.6	
14419.2	
14432	
14505.6	
14678.4	
14428.8	
14537.6	
14476.8	
14515.2	
14553.6	
14387.2	
14384	
14310.4	
14377.6	
14454.4	
14345.6	
14323.2	
14438.4	
14534.4	
14400	
14563.2	
14588.8	
14416	
14601.6	
14726.4	
14777.6	
14684.8	
14652.8	
14601.6	
14454.4	
14496	
14691.2	
14691.2	
14780.8	
14684.8	
14752	
14966.4	
14940.8	
15014.4	
14710.4	
14691.2	
14531.2	
14780.8	
14800	
14608	
14524.8	
14467.2	
14454.4	
14505.6	
14640	
14713.6	
14928	
14995.2	
15206.4	
15001.6	
15187.2	
14995.2	
14873.6	
15008	
14902.4	
14976	
14915.2	
14876.8	
14966.4	
14825.6	
14809.6	
14787.2	
14832	
14652.8	
14534.4	
14601.6	
14716.8	
14534.4	
14700.8	
14748.8	
14739.2	
14812.8	
14720	
14758.4	
14697.6	
14697.6	
14720	
14630.4	
14544	
14588.8	
14774.4	
14886.4	
14832	
14924.8	
14886.4	
14995.2	
14972.8	
15033.6	
14921.6	
14892.8	
14825.6	
14908.8	
14800	
14828.8	
14972.8	
14979.2	
15062.4	
14934.4	
15001.6	
14998.4	
15046.4	
15059.2	
15171.2	
15129.6	
15174.4	
15142.4	
15033.6	
15120	
15040	
15203.2	
15174.4	
15136	
14956.8	
14982.4	
14908.8	
15049.6	
15088	
15001.6	
14985.6	
14860.8	
15065.6	
15027.2	
15107.2	
15075.2	
15036.8	
14921.6	
14928	
14678.4	
14694.4	
14576	
14790.4	
14742.4	
14672	
14707.2	
14598.4	
14726.4	
14793.6	
14784	
14953.6	
14905.6	
15008	
15004.8	
15049.6	
14784	
14848	
14736	
14771.2	
14675.2	
14668.8	
14828.8	
14838.4	
14860.8	
14889.6	
14870.4	
15011.2	
14934.4	
14908.8	
14886.4	
14880	
14988.8	
15164.8	
15148.8	
14963.2	
14915.2	
15123.2	
15104	
15033.6	
14889.6	
14822.4	
14736	
14572.8	
14419.2	
14547.2	
14588.8	
14694.4	
14816	
14764.8	
14796.8	
15014.4	
14928	
14758.4	
14889.6	
14921.6	
15036.8	
14944	
14841.6	
14972.8	
14931.2	
14976	
14668.8	
14726.4	
14678.4	
14774.4	
14838.4	
14700.8	
14777.6	
14841.6	
14934.4	
14857.6	
14755.2	
14771.2	
14726.4	
14761.6	
14624	
14604.8	
14729.6	
14608	
14521.6	
14624	
14787.2	
14771.2	
15049.6	
15043.2	
15075.2	
15139.2	
15043.2	
14940.8	
15104	
15161.6	
15081.6	
15241.6	
15296	
15206.4	
15254.4	
15180.8	
15232	
15219.2	
15104	
14950.4	
15014.4	
15062.4	
15184	
15235.2	
15353.6	
15312	
15148.8	
15036.8	
15014.4	
14931.2	
15078.4	
15014.4	
14928	
14966.4	
14960	
15123.2	
15097.6	
15161.6	
15043.2	
14960	
15020.8	
15088	
15286.4	
15305.6	
15190.4	
15251.2	
15049.6	
15132.8	
15097.6	
14921.6	
14790.4	
14908.8	
14796.8	
14726.4	
14675.2	
14796.8	
14643.2	
14771.2	
14918.4	
14764.8	
14883.2	
14892.8	
14761.6	
14819.2	
15030.4	
15065.6	
14924.8	
14988.8	
14960	
14940.8	
15049.6	
15116.8	
15008	
14880	
14710.4	
14851.2	
14953.6	
14902.4	
14905.6	
15062.4	
14976	
14787.2	
14841.6	
14924.8	
14819.2	
14860.8	
14854.4	
14912	
14777.6	
14860.8	
14665.6	
14486.4	
14454.4	
14441.6	
14604.8	
14668.8	
14800	
14681.6	
14480	
14684.8	
14691.2	
14675.2	
14918.4	
14774.4	
14672	
14780.8	
14662.4	
14809.6	
14918.4	
14835.2	
14723.2	
14771.2	
14649.6	
14774.4	
14870.4	
14857.6	
14726.4	
14848	
14848	
14665.6	
14694.4	
14819.2	
15001.6	
15008	
14915.2	
14928	
14969.6	
15100.8	
15059.2	
15014.4	
14969.6	
14848	
14828.8	
14864	
14886.4	
14883.2	
14924.8	
14777.6	
14713.6	
14640	
14684.8	
14777.6	
14640	
14784	
14960	
14972.8	
14982.4	
15104	
14976	
15001.6	
15078.4	
14860.8	
15004.8	
14892.8	
14793.6	
14854.4	
14812.8	
14896	
14748.8	
14726.4	
14755.2	
14752	
14716.8	
14809.6	
14816	
14803.2	
14883.2	
15033.6	
15081.6	
15132.8	
15052.8	
14896	
14713.6	
14809.6	
14646.4	
14732.8	
14697.6	
14844.8	
14876.8	
14944	
14896	
15049.6	
14883.2	
14838.4	
14928	
14870.4	
14803.2	
14825.6	
14889.6	
14729.6	
14665.6	
14716.8	
14870.4	
14889.6	
15097.6	
15017.6	
15097.6	
14982.4	
15072	
15196.8	
15280	
15260.8	
15360	
15241.6	
15184	
15251.2	
15177.6	
15171.2	
15292.8	
15299.2	
15481.6	
15267.2	
15257.6	
15152	
14979.2	
15129.6	
15132.8	
15008	
14918.4	
14947.2	
15315.2	
15520	
15376	
15331.2	
15299.2	
15388.8	
15372.8	
15216	
15177.6	
15139.2	
15292.8	
15331.2	
15264	
15139.2	
15116.8	
15430.4	
15340.8	
15449.6	
15203.2	
15078.4	
15091.2	
15312	
15276.8	
15187.2	
15260.8	
15254.4	
15302.4	
15315.2	
15171.2	
15056	
15369.6	
15417.6	
15420.8	
15180.8	
15196.8	
15164.8	
15196.8	
15312	
15097.6	
15049.6	
15126.4	
15145.6	
15174.4	
15200	
15180.8	
15020.8	
14860.8	
14944	
14819.2	
14835.2	
14953.6	
15011.2	
14812.8	
14947.2	
15136	
15091.2	
15024	
14873.6	
15030.4	
15100.8	
14915.2	
15052.8	
14921.6	
14819.2	
14809.6	
14812.8	
14806.4	
15030.4	
14947.2	
15100.8	
15104	
15347.2	
15267.2	
15254.4	
15158.4	
15171.2	
14985.6	
14928	
15033.6	
15200	
15177.6	
15097.6	
15174.4	
15180.8	
15264	
15254.4	
15062.4	
15120	
15219.2	
15030.4	
15107.2	
15289.6	
15248	
15152	
15334.4	
15196.8	
15196.8	
15235.2	
15296	
15363.2	
15360	
15433.6	
15398.4	
15494.4	
15696	
15600	
15462.4	
15257.6	
15228.8	
15187.2	
15286.4	
15136	
14899.2	
14969.6	
14828.8	
14956.8	
15030.4	
15155.2	
14963.2	
14848	
14950.4	
15046.4	
15129.6	
15200	
14982.4	
15049.6	
15033.6	
15120	
15094.4	
15040	
14953.6	
15196.8	
15139.2	
15203.2	
15113.6	
15049.6	
15196.8	
15097.6	
15097.6	
15145.6	
14924.8	
15084.8	
15222.4	
14956.8	
14972.8	
15139.2	
15014.4	
14976	
15014.4	
14912	
14860.8	
14928	
15011.2	
14966.4	
15030.4	
14985.6	
14985.6	
14972.8	
15123.2	
15046.4	
15008	
15091.2	
15027.2	
14953.6	
14880	
14924.8	
14908.8	
15027.2	
15107.2	
15056	
14947.2	
14796.8	
14940.8	
14902.4	
14870.4	
14736	
14899.2	
14860.8	
15056	
14963.2	
14956.8	
14809.6	
14809.6	
14835.2	
14947.2	
14780.8	
15052.8	
14998.4	
15001.6	
14886.4	
14899.2	
14963.2	
14790.4	
14732.8	
14950.4	
14976	
14912	
14720	
14841.6	
14963.2	
14870.4	
14915.2	
15024	
15088	
15075.2	
14992	
15190.4	
15219.2	
14950.4	
14838.4	
14956.8	
15008	
15036.8	
15097.6	
14976	
15008	
14960	
14944	
14921.6	
14828.8	
14873.6	
14851.2	
14790.4	
14739.2	
14764.8	
14780.8	
14918.4	
14793.6	
15065.6	
15196.8	
15091.2	
14995.2	
15052.8	
15033.6	
14982.4	
15161.6	
15292.8	
15161.6	
15136	
15027.2	
15059.2	
15193.6	
15212.8	
15148.8	
15139.2	
15020.8	
15097.6	
15132.8	
15107.2	
15123.2	
15001.6	
14889.6	
14857.6	
14806.4	
14835.2	
14822.4	
14806.4	
14928	
15100.8	
15001.6	
15046.4	
15078.4	
14905.6	
15052.8	
15062.4	
15308.8	
15264	
15142.4	
15267.2	
15180.8	
14976	
14883.2	
14972.8	
15139.2	
14972.8	
14960	
15033.6	
15008	
15116.8	
15068.8	
15014.4	
14928	
14937.6	
14924.8	
14966.4	
14979.2	
15142.4	
15299.2	
15318.4	
15158.4	
15052.8	
14889.6	
15139.2	
15104	
15148.8	
15187.2	
15100.8	
14998.4	
15116.8	
15052.8	
15110.4	
14908.8	
14790.4	
14800	
14796.8	
14780.8	
14777.6	
14899.2	
14886.4	
14787.2	
14819.2	
14857.6	
14988.8	
14976	
15152	
15148.8	
15155.2	
15180.8	
15049.6	
15177.6	
15107.2	
15120	
15046.4	
15052.8	
15049.6	
14934.4	
15347.2	
15305.6	
15142.4	
15072	
15075.2	
15014.4	
15020.8	
14998.4	
14880	
14771.2	
14764.8	
14716.8	
14640	
14684.8	
14774.4	
14752	
14851.2	
15011.2	
14969.6	
14787.2	
15065.6	
15059.2	
14851.2	
14883.2	
14764.8	
14732.8	
14732.8	
14774.4	
14521.6	
14598.4	
14729.6	
14569.6	
14582.4	
14646.4	
14608	
14800	
14876.8	
14851.2	
14697.6	
14681.6	
14604.8	
14729.6	
14992	
15065.6	
15072	
15056	
14956.8	
14828.8	
14755.2	
14899.2	
14953.6	
15104	
15152	
14921.6	
14780.8	
15011.2	
15040	
15088	
15030.4	
14944	
14736	
14985.6	
15094.4	
15142.4	
15145.6	
15068.8	
14992	
15068.8	
15139.2	
15068.8	
15072	
15107.2	
14950.4	
14998.4	
14985.6	
14796.8	
14787.2	
14860.8	
14793.6	
14790.4	
14761.6	
14726.4	
14860.8	
15024	
15107.2	
15120	
14992	
14937.6	
14995.2	
15043.2	
14937.6	
14876.8	
14921.6	
14950.4	
14960	
14710.4	
14745.6	
14777.6	
14646.4	
14694.4	
14873.6	
14729.6	
14908.8	
14979.2	
14931.2	
14867.2	
14969.6	
14825.6	
14960	
14950.4	
14966.4	
14867.2	
14867.2	
14768	
14720	
14940.8	
14796.8	
14566.4	
14656	
14745.6	
14608	
14627.2	
14489.6	
14620.8	
14809.6	
14790.4	
14755.2	
14732.8	
14713.6	
14627.2	
14854.4	
14755.2	
14774.4	
14617.6	
14617.6	
14902.4	
14947.2	
14851.2	
14720	
14832	
15004.8	
14857.6	
14844.8	
14736	
14726.4	
14729.6	
14803.2	
14553.6	
14544	
14720	
14806.4	
14720	
14844.8	
14915.2	
15011.2	
15017.6	
14892.8	
14822.4	
14793.6	
14700.8	
14755.2	
15033.6	
14857.6	
14780.8	
14675.2	
14633.6	
14732.8	
14864	
14841.6	
14755.2	
14729.6	
14665.6	
14604.8	
14755.2	
14838.4	
14918.4	
14896	
14857.6	
14838.4	
14918.4	
14809.6	
14838.4	
14796.8	
14832	
15161.6	
15020.8	
15027.2	
15033.6	
14822.4	
14918.4	
14886.4	
14828.8	
14899.2	
15036.8	
15008	
15020.8	
15104	
15088	
15190.4	
15184	
15337.6	
15280	
15235.2	
15184	
15161.6	
15065.6	
15152	
15228.8	
15222.4	
15273.6	
15200	
15219.2	
15206.4	
15219.2	
14988.8	
14988.8	
15139.2	
15158.4	
14934.4	
15014.4	
15094.4	
15001.6	
14838.4	
14937.6	
14944	
14931.2	
14745.6	
14771.2	
15036.8	
15056	
15100.8	
14924.8	
14873.6	
14745.6	
14816	
14588.8	
14672	
14640	
14678.4	
14691.2	
14787.2	
14736	
14912	
14816	
14928	
15040	
14870.4	
14755.2	
14684.8	
14732.8	
14758.4	
14646.4	
14483.2	
14534.4	
14572.8	
14675.2	
14816	
14819.2	
14848	
14764.8	
14812.8	
14812.8	
14771.2	
14716.8	
14608	
14601.6	
14806.4	
14646.4	
14745.6	
15011.2	
14796.8	
14710.4	
14620.8	
14844.8	
14761.6	
14809.6	
14736	
14761.6	
14726.4	
14854.4	
14931.2	
14934.4	
14835.2	
14790.4	
14944	
14592	
14582.4	
14700.8	
14947.2	
14905.6	
15049.6	
15219.2	
15065.6	
14982.4	
14918.4	
15116.8	
14956.8	
14784	
14934.4	
15004.8	
14643.2	
14880	
14857.6	
14892.8	
14947.2	
15008	
14969.6	
15132.8	
15139.2	
15193.6	
15283.2	
15302.4	
15136	
15164.8	
15238.4	
15264	
15283.2	
15062.4	
15190.4	
15011.2	
15024	
15139.2	
15011.2	
14944	
14947.2	
15043.2	
15094.4	
15113.6	
15081.6	
15120	
15158.4	
14886.4	
14934.4	
14764.8	
14774.4	
14729.6	
14851.2	
14931.2	
14940.8	
14691.2	
14636.8	
14694.4	
14848	
14707.2	
14921.6	
14876.8	
14899.2	
14812.8	
14739.2	
14908.8	
14956.8	
15116.8	
15008	
15145.6	
15008	
15004.8	
14947.2	
15139.2	
15296	
15193.6	
15068.8	
15014.4	
15001.6	
14841.6	
14736	
14873.6	
14851.2	
14985.6	
15132.8	
14854.4	
14771.2	
14793.6	
14902.4	
15014.4	
14972.8	
14921.6	
14947.2	
14985.6	
15017.6	
14953.6	
14880	
14899.2	
14841.6	
14768	
14822.4	
14774.4	
14716.8	
14870.4	
14963.2	
15027.2	
15190.4	
15020.8	
14860.8	
14870.4	
14960	
14928	
14803.2	
14928	
14780.8	
14832	
14755.2	
14960	
14854.4	
14774.4	
14752	
14512	
14672	
14806.4	
14963.2	
14953.6	
15030.4	
14713.6	
14908.8	
14953.6	
15046.4	
15072	
15062.4	
15030.4	
14988.8	
14931.2	
14924.8	
14960	
15027.2	
14905.6	
14838.4	
14739.2	
14617.6	
14777.6	
14800	
14796.8	
14614.4	
14537.6	
14672	
14713.6	
14419.2	
14592	
14665.6	
14505.6	
14649.6	
14579.2	
14691.2	
14736	
14832	
14742.4	
14742.4	
14672	
14604.8	
14832	
14752	
14678.4	
14704	
14595.2	
14515.2	
14732.8	
14553.6	
14396.8	
14547.2	
14678.4	
14553.6	
14556.8	
14684.8	
14518.4	
14444.8	
14502.4	
14476.8	
14460.8	
14576	
14723.2	
14563.2	
14310.4	
14233.6	
14198.4	
14326.4	
14428.8	
14332.8	
14432	
14531.2	
14508.8	
14460.8	
14521.6	
14451.2	
14502.4	
14425.6	
14275.2	
14371.2	
14428.8	
14451.2	
14595.2	
14569.6	
14793.6	
14825.6	
14873.6	
14838.4	
14595.2	
14537.6	
14617.6	
14630.4	
14550.4	
14486.4	
14563.2	
14688	
14611.2	
14515.2	
14604.8	
14748.8	
14636.8	
14643.2	
14771.2	
14828.8	
14816	
14809.6	
14838.4	
14752	
14771.2	
14742.4	
14336	
14451.2	
14652.8	
14672	
14704	
14790.4	
14963.2	
14844.8	
14832	
14841.6	
14780.8	
14854.4	
14758.4	
14812.8	
14803.2	
14524.8	
14700.8	
14739.2	
14889.6	
14835.2	
14854.4	
14838.4	
15011.2	
15100.8	
14854.4	
14809.6	
15132.8	
15068.8	
15148.8	
14992	
14819.2	
14732.8	
14796.8	
14940.8	
15043.2	
15020.8	
15065.6	
14889.6	
14969.6	
14921.6	
14864	
14726.4	
14739.2	
14652.8	
14601.6	
14502.4	
14518.4	
14419.2	
14448	
14342.4	
14284.8	
14470.4	
14422.4	
14329.6	
14457.6	
14352	
14268.8	
14438.4	
14428.8	
14560	
14531.2	
14508.8	
14275.2	
14403.2	
14329.6	
14355.2	
14384	
14467.2	
14540.8	
14544	
14524.8	
14480	
14556.8	
14454.4	
14438.4	
14521.6	
14550.4	
14531.2	
14531.2	
14624	
14764.8	
14851.2	
14707.2	
14732.8	
14684.8	
14793.6	
14652.8	
14560	
14681.6	
14627.2	
14534.4	
14691.2	
14563.2	
14604.8	
14339.2	
14227.2	
14214.4	
14332.8	
14454.4	
14556.8	
14515.2	
14348.8	
14326.4	
14416	
14604.8	
14665.6	
14665.6	
14604.8	
14540.8	
14700.8	
14851.2	
14768	
14576	
14579.2	
14380.8	
14489.6	
14451.2	
14732.8	
14553.6	
14710.4	
14908.8	
14867.2	
14784	
14812.8	
14825.6	
14841.6	
14662.4	
14800	
14764.8	
14684.8	
14627.2	
14672	
14662.4	
14844.8	
14684.8	
14620.8	
14608	
14918.4	
14774.4	
14793.6	
14720	
14816	
14592	
14579.2	
14726.4	
14729.6	
14694.4	
14745.6	
14892.8	
14931.2	
14851.2	
14905.6	
14899.2	
14822.4	
14790.4	
14755.2	
14825.6	
14736	
14924.8	
14988.8	
15088	
14944	
14832	
14912	
14899.2	
14672	
15020.8	
14883.2	
14921.6	
15040	
15123.2	
15104	
14992	
15011.2	
14960	
15052.8	
14982.4	
14918.4	
14668.8	
14729.6	
14736	
14931.2	
15011.2	
14972.8	
14880	
14828.8	
14908.8	
14726.4	
14777.6	
14924.8	
14867.2	
14944	
14883.2	
14969.6	
14851.2	
14796.8	
14784	
14812.8	
14656	
14780.8	
14800	
14963.2	
14803.2	
14915.2	
14892.8	
14944	
15072	
14956.8	
14960	
14896	
14822.4	
14937.6	
15062.4	
15075.2	
15155.2	
14931.2	
15088	
15046.4	
15315.2	
15376	
15248	
15222.4	
15248	
15168	
15251.2	
15302.4	
14995.2	
14995.2	
15040	
15193.6	
15155.2	
15168	
15353.6	
15388.8	
15286.4	
15148.8	
15129.6	
15091.2	
15104	
15052.8	
14912	
15040	
15078.4	
14982.4	
14972.8	
15043.2	
14848	
15030.4	
14960	
15030.4	
14953.6	
15107.2	
15280	
15059.2	
15030.4	
15008	
15139.2	
15270.4	
15296	
15456	
15321.6	
15158.4	
15280	
15276.8	
15305.6	
15324.8	
15308.8	
15235.2	
15190.4	
15059.2	
15142.4	
15177.6	
15040	
14915.2	
15017.6	
14940.8	
14883.2	
14854.4	
14956.8	
14870.4	
14841.6	
14912	
14828.8	
14828.8	
14860.8	
14809.6	
14832	
14812.8	
14819.2	
14812.8	
14880	
14790.4	
14812.8	
14857.6	
14806.4	
14809.6	
14816	
14985.6	
14969.6	
14915.2	
15030.4	
14982.4	
15017.6	
15075.2	
15270.4	
15193.6	
15158.4	
15190.4	
15164.8	
15097.6	
15120	
15206.4	
15302.4	
15059.2	
15187.2	
15193.6	
15164.8	
15072	
15049.6	
14976	
15078.4	
14940.8	
14787.2	
14857.6	
15008	
14896	
15024	
14992	
14992	
15020.8	
15084.8	
15088	
14860.8	
14883.2	
14982.4	
14947.2	
14966.4	
14848	
14819.2	
14841.6	
14492.8	
14652.8	
14403.2	
14377.6	
14342.4	
14361.6	
14486.4	
14736	
14640	
14809.6	
14761.6	
14924.8	
14771.2	
14860.8	
14710.4	
14844.8	
14777.6	
14752	
14716.8	
14819.2	
14777.6	
14918.4	
14892.8	
14675.2	
14716.8	
14854.4	
14806.4	
14953.6	
15068.8	
15123.2	
14960	
14998.4	
14860.8	
14985.6	
15020.8	
15129.6	
14896	
15078.4	
15212.8	
15158.4	
15158.4	
15107.2	
15075.2	
14880	
14854.4	
14844.8	
14841.6	
14825.6	
14614.4	
14720	
14848	
14915.2	
14947.2	
14912	
15094.4	
15126.4	
15030.4	
15097.6	
15132.8	
15046.4	
14992	
15068.8	
15056	
14928	
14835.2	
15107.2	
15308.8	
15200	
15238.4	
15209.6	
15190.4	
15081.6	
15107.2	
15046.4	
14883.2	
14857.6	
14812.8	
14896	
14912	
14931.2	
14880	
14761.6	
14918.4	
14905.6	
15001.6	
15094.4	
14924.8	
14912	
14995.2	
14976	
14905.6	
14870.4	
14758.4	
14844.8	
14838.4	
14841.6	
14886.4	
14857.6	
14723.2	
14816	
14713.6	
14800	
14851.2	
14697.6	
14780.8	
14803.2	
14896	
15084.8	
15100.8	
15046.4	
15004.8	
15068.8	
15078.4	
14934.4	
14912	
14947.2	
15116.8	
15097.6	
15312	
15180.8	
15126.4	
15136	
15091.2	
15168	
15190.4	
15110.4	
15091.2	
15078.4	
14960	
15052.8	
15052.8	
15164.8	
14979.2	
14902.4	
14896	
14886.4	
14784	
14771.2	
14784	
14777.6	
14899.2	
14880	
14844.8	
15040	
15152	
15024	
15043.2	
15158.4	
15059.2	
15036.8	
15020.8	
15184	
15078.4	
15004.8	
15084.8	
14928	
14848	
14857.6	
14742.4	
14787.2	
14985.6	
14899.2	
14921.6	
14672	
14675.2	
14624	
14748.8	
14601.6	
14956.8	
14883.2	
14790.4	
14896	
14796.8	
14790.4	
14713.6	
14854.4	
14768	
14787.2	
14809.6	
14867.2	
14848	
14835.2	
15084.8	
14944	
15142.4	
15020.8	
15084.8	
15142.4	
14985.6	
14937.6	
14860.8	
14883.2	
14867.2	
14844.8	
14870.4	
14716.8	
14691.2	
14758.4	
14707.2	
14560	
14518.4	
14486.4	
14492.8	
14579.2	
14691.2	
14806.4	
14662.4	
14694.4	
14428.8	
14390.4	
14294.4	
14281.6	
14236.8	
14268.8	
14412.8	
14652.8	
14748.8	
14822.4	
14710.4	
14665.6	
14486.4	
14556.8	
14451.2	
14624	
14716.8	
14739.2	
14793.6	
14854.4	
14838.4	
14902.4	
14848	
14745.6	
14662.4	
14716.8	
14960	
15129.6	
15036.8	
15097.6	
14867.2	
14860.8	
15113.6	
15056	
15075.2	
15011.2	
14921.6	
15040	
14944	
14937.6	
14739.2	
14752	
14736	
14752	
14854.4	
14716.8	
14707.2	
14652.8	
14649.6	
14652.8	
14659.2	
14806.4	
14710.4	
14857.6	
14896	
15126.4	
14905.6	
14809.6	
14832	
14736	
14732.8	
14697.6	
14694.4	
14480	
14540.8	
14624	
14473.6	
14329.6	
14249.6	
14326.4	
14368	
14563.2	
14582.4	
14611.2	
14646.4	
14643.2	
14681.6	
14672	
14444.8	
14473.6	
14486.4	
14576	
14483.2	
14700.8	
14774.4	
14886.4	
14822.4	
14828.8	
14748.8	
14745.6	
14816	
14729.6	
14864	
15046.4	
15193.6	
15161.6	
15078.4	
15084.8	
14956.8	
15056	
15097.6	
15219.2	
15081.6	
15187.2	
15171.2	
15097.6	
14998.4	
15193.6	
15145.6	
14937.6	
14892.8	
14976	
15014.4	
15174.4	
15107.2	
15056	
15292.8	
15168	
15168	
15046.4	
15228.8	
15244.8	
15196.8	
15280	
15228.8	
15209.6	
15126.4	
15318.4	
15238.4	
15337.6	
15206.4	
15283.2	
15292.8	
15392	
15356.8	
15334.4	
15171.2	
15360	
15222.4	
15180.8	
15132.8	
15123.2	
15353.6	
15260.8	
15203.2	
14931.2	
14921.6	
15027.2	
14950.4	
15056	
15024	
14713.6	
14755.2	
14979.2	
15052.8	
14937.6	
14908.8	
14873.6	
15036.8	
14995.2	
14934.4	
15030.4	
15107.2	
14886.4	
14899.2	
14819.2	
14883.2	
15056	
14918.4	
14848	
14934.4	
14937.6	
15008	
15100.8	
15187.2	
15152	
15142.4	
15184	
15120	
14969.6	
15020.8	
15001.6	
15040	
15040	
14963.2	
15008	
15027.2	
15049.6	
14998.4	
14915.2	
15017.6	
15142.4	
15004.8	
15168	
15132.8	
15232	
15180.8	
15209.6	
15104	
15107.2	
15062.4	
15136	
15216	
15180.8	
14995.2	
14841.6	
14966.4	
14969.6	
14851.2	
14921.6	
14995.2	
15075.2	
15004.8	
15036.8	
14979.2	
15142.4	
14921.6	
14835.2	
14713.6	
14566.4	
14640	
14585.6	
14640	
14700.8	
14880	
14832	
14870.4	
14896	
14844.8	
14841.6	
14899.2	
14950.4	
15011.2	
14796.8	
14883.2	
14947.2	
15056	
15059.2	
15193.6	
15046.4	
14998.4	
15078.4	
14876.8	
14899.2	
14739.2	
14768	
14672	
14627.2	
14726.4	
14764.8	
14620.8	
14636.8	
14716.8	
14624	
14547.2	
14489.6	
14857.6	
14752	
14819.2	
14886.4	
14934.4	
15017.6	
15152	
15136	
15145.6	
15139.2	
15043.2	
14960	
14800	
14761.6	
14720	
15024	
15158.4	
15206.4	
15129.6	
15049.6	
14883.2	
14921.6	
15107.2	
15129.6	
15264	
15193.6	
15139.2	
15161.6	
15132.8	
15084.8	
15052.8	
15001.6	
15062.4	
14918.4	
15088	
15107.2	
15046.4	
14902.4	
14844.8	
15107.2	
15052.8	
15145.6	
15273.6	
15187.2	
15235.2	
15344	
15344	
15164.8	
15280	
15235.2	
15331.2	
15328	
15027.2	
15113.6	
15334.4	
15273.6	
15097.6	
15190.4	
15283.2	
15603.2	
15388.8	
15302.4	
15328	
15395.2	
15430.4	
15171.2	
15235.2	
15110.4	
15011.2	
15152	
15190.4	
15052.8	
15126.4	
15081.6	
15017.6	
14995.2	
14947.2	
15049.6	
14956.8	
15049.6	
15091.2	
14940.8	
14883.2	
15004.8	
15059.2	
15094.4	
15152	
15148.8	
15014.4	
15100.8	
15036.8	
15142.4	
15024	
15046.4	
14969.6	
14998.4	
14918.4	
14934.4	
14956.8	
14934.4	
14969.6	
14854.4	
15036.8	
14905.6	
15104	
15110.4	
15094.4	
15142.4	
15190.4	
15280	
15337.6	
15363.2	
15164.8	
15392	
15241.6	
15424	
15254.4	
15331.2	
15244.8	
15219.2	
15289.6	
15222.4	
15212.8	
15270.4	
15270.4	
15222.4	
15433.6	
15318.4	
15187.2	
14992	
15030.4	
14768	
14928	
15008	
15228.8	
15158.4	
15088	
15094.4	
15126.4	
15001.6	
15084.8	
15094.4	
15174.4	
14998.4	
14860.8	
14646.4	
14892.8	
14771.2	
14544	
14681.6	
14633.6	
14684.8	
14681.6	
14371.2	
14272	
14252.8	
14294.4	
14489.6	
14588.8	
14409.6	
14464	
14483.2	
14566.4	
14656	
14710.4	
14668.8	
14867.2	
14774.4	
14672	
14563.2	
14624	
14604.8	
14624	
14822.4	
14665.6	
14662.4	
14646.4	
14851.2	
14848	
14819.2	
14883.2	
14630.4	
14620.8	
14665.6	
14460.8	
14508.8	
14534.4	
14476.8	
14707.2	
14838.4	
14880	
14812.8	
14614.4	
14601.6	
14544	
14736	
14880	
14870.4	
14854.4	
14729.6	
14515.2	
14588.8	
14582.4	
14668.8	
14691.2	
14441.6	
14505.6	
14665.6	
14729.6	
14857.6	
15011.2	
15036.8	
15129.6	
15132.8	
15001.6	
14947.2	
15312	
15235.2	
14908.8	
15142.4	
15145.6	
14828.8	
14784	
14681.6	
14908.8	
14944	
14838.4	
14883.2	
15030.4	
14988.8	
15200	
15052.8	
15187.2	
15171.2	
15088	
15152	
14953.6	
15084.8	
15030.4	
15145.6	
15113.6	
15136	
15078.4	
14857.6	
14940.8	
14857.6	
14745.6	
14899.2	
14777.6	
14851.2	
14755.2	
14745.6	
14678.4	
14742.4	
14915.2	
14819.2	
14960	
14924.8	
14886.4	
14800	
14819.2	
14704	
14924.8	
14851.2	
14752	
14713.6	
14790.4	
14720	
14691.2	
14617.6	
14547.2	
14553.6	
14672	
14624	
14572.8	
14700.8	
14604.8	
14614.4	
14598.4	
14499.2	
14710.4	
14662.4	
14681.6	
14745.6	
14809.6	
14720	
14652.8	
14544	
14659.2	
14512	
14652.8	
14611.2	
14739.2	
14854.4	
14598.4	
14864	
14796.8	
14966.4	
15100.8	
14944	
14963.2	
14816	
14934.4	
14905.6	
14931.2	
14816	
14876.8	
14768	
14563.2	
14534.4	
14678.4	
14633.6	
14499.2	
14553.6	
14761.6	
14697.6	
14947.2	
14864	
14886.4	
14956.8	
14931.2	
14860.8	
15036.8	
14841.6	
15011.2	
15020.8	
14988.8	
14966.4	
14924.8	
14889.6	
14828.8	
14800	
14796.8	
14873.6	
14857.6	
14819.2	
14876.8	
14771.2	
14908.8	
14870.4	
15136	
15091.2	
14976	
15142.4	
14803.2	
14745.6	
14758.4	
15078.4	
15078.4	
15097.6	
14908.8	
14710.4	
14720	
14912	
14876.8	
14752	
14803.2	
14601.6	
14774.4	
14761.6	
14806.4	
14732.8	
14729.6	
14803.2	
14729.6	
14790.4	
14649.6	
14713.6	
14745.6	
14969.6	
14960	
15075.2	
14921.6	
14953.6	
14732.8	
14684.8	
14908.8	
14944	
14947.2	
14883.2	
15024	
14979.2	
14851.2	
14928	
14758.4	
14819.2	
14870.4	
14780.8	
14841.6	
14636.8	
14649.6	
14694.4	
14704	
14624	
14784	
14784	
14803.2	
14774.4	
14851.2	
14809.6	
14752	
14537.6	
14473.6	
14665.6	
14790.4	
14768	
14726.4	
14819.2	
15065.6	
14956.8	
14947.2	
14976	
14995.2	
14992	
14880	
14928	
14953.6	
15011.2	
14982.4	
15081.6	
14908.8	
15126.4	
14985.6	
14966.4	
15097.6	
15142.4	
15180.8	
15046.4	
15084.8	
15196.8	
15129.6	
14995.2	
15171.2	
15129.6	
14963.2	
15142.4	
15043.2	
15068.8	
15187.2	
15136	
15027.2	
14995.2	
15033.6	
14812.8	
14710.4	
14825.6	
14899.2	
14886.4	
14979.2	
15052.8	
15011.2	
15088	
14928	
15036.8	
15184	
15046.4	
14899.2	
14700.8	
14739.2	
14921.6	
14928	
14758.4	
14678.4	
14768	
14723.2	
14636.8	
14681.6	
14643.2	
14780.8	
14601.6	
14624	
14736	
14832	
14790.4	
14995.2	
15091.2	
15100.8	
14880	
14806.4	
14841.6	
15030.4	
14985.6	
14809.6	
14908.8	
15014.4	
15056	
15036.8	
14931.2	
15056	
14950.4	
14976	
15152	
15209.6	
15244.8	
15312	
15084.8	
15139.2	
15110.4	
15024	
15152	
15113.6	
15110.4	
15216	
15363.2	
15395.2	
15270.4	
15136	
15043.2	
15155.2	
14985.6	
14979.2	
15027.2	
15004.8	
15046.4	
15238.4	
15216	
15257.6	
15331.2	
15219.2	
15276.8	
15260.8	
15193.6	
15027.2	
15174.4	
15267.2	
15100.8	
15084.8	
15168	
15193.6	
15280	
15187.2	
15209.6	
15142.4	
15078.4	
15081.6	
15126.4	
15145.6	
15030.4	
15056	
15184	
15171.2	
15123.2	
15088	
15030.4	
14905.6	
14963.2	
14921.6	
14905.6	
14752	
14838.4	
14896	
15030.4	
14934.4	
14956.8	
14950.4	
14796.8	
14752	
14787.2	
14774.4	
14880	
14883.2	
14828.8	
14880	
14828.8	
14953.6	
14947.2	
14819.2	
14732.8	
14630.4	
14803.2	
14800	
14752	
14771.2	
14601.6	
14636.8	
14774.4	
14752	
14729.6	
14886.4	
14937.6	
14838.4	
15072	
15027.2	
15030.4	
14931.2	
14886.4	
14876.8	
14963.2	
15152	
14985.6	
15043.2	
14867.2	
14825.6	
14944	
14892.8	
14867.2	
14988.8	
15148.8	
15046.4	
15136	
15321.6	
15209.6	
14969.6	
15273.6	
15228.8	
15100.8	
15219.2	
15110.4	
15404.8	
15462.4	
15222.4	
15283.2	
15212.8	
14969.6	
15030.4	
14828.8	
14876.8	
14937.6	
14902.4	
14832	
14838.4	
14902.4	
14809.6	
14793.6	
14963.2	
15068.8	
14966.4	
14963.2	
15020.8	
15062.4	
14950.4	
14950.4	
15052.8	
15033.6	
14918.4	
14860.8	
15036.8	
15033.6	
14976	
14784	
14979.2	
14867.2	
14899.2	
14880	
14793.6	
14745.6	
15011.2	
14732.8	
14668.8	
14604.8	
14624	
14441.6	
14544	
14588.8	
14758.4	
14710.4	
14736	
14803.2	
14723.2	
14812.8	
14860.8	
14912	
14822.4	
14768	
14595.2	
14876.8	
14979.2	
14860.8	
14630.4	
14697.6	
14950.4	
14924.8	
14972.8	
14844.8	
14684.8	
14755.2	
14963.2	
14704	
14684.8	
14697.6	
14755.2	
14806.4	
14700.8	
14809.6	
14918.4	
14950.4	
15062.4	
14886.4	
14755.2	
14790.4	
14908.8	
14976	
15001.6	
14819.2	
15004.8	
15177.6	
15030.4	
15024	
15078.4	
14931.2	
14796.8	
14758.4	
14659.2	
14828.8	
14803.2	
14873.6	
14905.6	
14976	
14793.6	
14713.6	
14688	
14704	
14854.4	
14870.4	
14844.8	
14908.8	
15020.8	
14745.6	
14729.6	
14876.8	
14819.2	
14854.4	
14979.2	
14851.2	
14889.6	
15046.4	
15059.2	
14985.6	
15088	
14963.2	
15056	
14902.4	
15043.2	
15049.6	
14825.6	
14956.8	
14953.6	
15084.8	
15225.6	
15171.2	
15276.8	
14870.4	
14998.4	
14886.4	
15046.4	
15024	
14921.6	
15084.8	
15107.2	
15107.2	
15126.4	
15046.4	
15232	
15280	
15401.6	
15235.2	
15196.8	
15004.8	
15180.8	
15084.8	
15062.4	
15065.6	
15113.6	
15065.6	
15056	
15116.8	
15008	
14915.2	
14816	
14873.6	
15116.8	
15065.6	
15148.8	
14979.2	
14716.8	
14736	
14662.4	
14924.8	
14934.4	
14806.4	
14688	
14710.4	
14707.2	
14550.4	
14640	
14816	
14758.4	
14960	
14835.2	
14924.8	
15046.4	
15033.6	
15123.2	
14995.2	
14822.4	
14707.2	
14736	
14707.2	
14761.6	
14899.2	
14841.6	
14886.4	
14976	
15139.2	
15299.2	
15411.2	
15292.8	
15168	
15129.6	
15132.8	
15126.4	
15104	
15360	
15360	
15312	
15132.8	
15174.4	
15001.6	
15139.2	
15171.2	
14988.8	
15072	
14988.8	
15024	
14969.6	
15132.8	
14953.6	
14966.4	
15033.6	
14880	
14889.6	
14956.8	
14864	
14809.6	
14908.8	
14713.6	
14684.8	
14627.2	
14662.4	
14851.2	
14832	
14736	
14867.2	
14758.4	
14848	
14812.8	
14924.8	
14809.6	
14745.6	
14745.6	
14883.2	
14924.8	
14924.8	
15152	
15260.8	
15360	
15132.8	
15158.4	
15148.8	
15158.4	
15136	
15068.8	
15203.2	
15203.2	
15196.8	
15116.8	
15107.2	
15088	
15209.6	
15027.2	
15017.6	
14934.4	
14838.4	
14796.8	
14892.8	
14969.6	
14988.8	
14953.6	
15001.6	
15084.8	
15158.4	
15171.2	
15241.6	
15155.2	
15248	
15302.4	
15257.6	
15321.6	
15203.2	
15126.4	
14960	
15152	
15078.4	
15206.4	
15091.2	
15100.8	
15104	
15072	
15097.6	
15065.6	
15129.6	
15216	
15308.8	
15187.2	
15104	
15334.4	
15427.2	
15184	
15225.6	
15145.6	
15091.2	
15184	
15280	
15337.6	
15286.4	
15369.6	
15484.8	
15571.2	
15532.8	
15414.4	
15267.2	
15289.6	
14988.8	
15100.8	
15164.8	
15049.6	
15212.8	
15212.8	
15203.2	
15209.6	
15235.2	
15129.6	
14892.8	
14969.6	
15158.4	
15094.4	
15139.2	
14998.4	
14928	
14979.2	
15004.8	
15132.8	
14953.6	
14851.2	
14915.2	
14835.2	
14713.6	
14880	
14828.8	
14691.2	
14761.6	
14832	
14816	
14908.8	
15014.4	
14841.6	
14748.8	
14726.4	
14832	
14800	
14854.4	
14681.6	
14704	
14787.2	
14937.6	
14976	
15126.4	
15155.2	
15155.2	
14947.2	
14822.4	
14956.8	
14864	
14947.2	
14963.2	
15072	
14972.8	
14806.4	
14905.6	
15049.6	
14889.6	
14947.2	
14924.8	
14832	
14803.2	
15014.4	
15180.8	
15174.4	
15257.6	
15158.4	
15190.4	
14934.4	
14828.8	
14864	
14668.8	
14848	
15024	
15008	
15094.4	
15148.8	
15075.2	
14982.4	
14937.6	
15072	
14768	
14870.4	
14771.2	
14675.2	
14896	
14873.6	
14774.4	
14652.8	
14598.4	
14761.6	
14745.6	
14697.6	
14582.4	
14752	
14790.4	
14726.4	
15017.6	
15100.8	
15088	
14966.4	
14908.8	
14857.6	
14809.6	
14729.6	
14700.8	
14854.4	
14873.6	
14844.8	
14764.8	
14912	
14784	
14720	
14787.2	
14704	
14620.8	
14643.2	
14656	
14540.8	
14585.6	
14691.2	
14528	
14534.4	
14566.4	
14441.6	
14496	
14524.8	
14537.6	
14544	
14464	
14697.6	
14742.4	
14771.2	
14726.4	
14806.4	
14764.8	
14748.8	
14700.8	
14745.6	
14764.8	
14732.8	
14659.2	
14652.8	
14624	
14851.2	
14825.6	
14899.2	
14828.8	
14800	
14803.2	
14835.2	
14784	
14688	
14752	
14755.2	
14761.6	
14710.4	
14825.6	
14633.6	
14707.2	
14537.6	
14393.6	
14656	
14704	
14579.2	
14499.2	
14464	
14566.4	
14563.2	
14579.2	
14803.2	
14883.2	
14851.2	
14822.4	
14940.8	
14803.2	
14563.2	
14675.2	
14819.2	
14748.8	
14899.2	
14720	
14601.6	
14473.6	
14483.2	
14544	
14393.6	
14556.8	
14566.4	
14608	
14707.2	
14732.8	
14956.8	
14896	
14928	
14758.4	
14851.2	
14860.8	
15056	
15110.4	
15075.2	
14924.8	
14953.6	
14873.6	
14873.6	
14880	
14934.4	
14780.8	
14918.4	
14812.8	
14787.2	
15094.4	
14825.6	
15065.6	
15030.4	
15011.2	
15091.2	
14960	
14896	
14662.4	
14681.6	
14611.2	
14704	
14816	
14880	
14915.2	
14924.8	
14796.8	
14899.2	
14870.4	
15030.4	
15171.2	
15049.6	
15020.8	
15043.2	
15203.2	
14988.8	
14918.4	
14835.2	
14870.4	
14867.2	
14761.6	
14496	
14492.8	
14656	
14662.4	
14732.8	
14873.6	
14796.8	
14595.2	
14675.2	
14547.2	
14745.6	
14675.2	
14630.4	
14825.6	
14902.4	
14825.6	
14844.8	
14937.6	
14899.2	
14931.2	
14992	
14944	
14828.8	
14745.6	
14707.2	
14864	
14790.4	
14704	
14624	
14710.4	
14694.4	
14755.2	
14848	
14713.6	
14624	
14812.8	
14921.6	
15049.6	
14937.6	
15024	
15152	
15120	
15321.6	
15184	
15046.4	
14995.2	
15120	
15036.8	
15059.2	
14944	
14985.6	
15033.6	
14963.2	
14886.4	
14963.2	
14979.2	
14758.4	
15001.6	
14902.4	
14790.4	
14844.8	
14825.6	
14940.8	
14790.4	
14758.4	
14540.8	
14614.4	
14691.2	
14774.4	
14825.6	
14736	
14752	
14803.2	
14723.2	
14716.8	
14672	
14771.2	
14870.4	
15062.4	
15155.2	
15097.6	
15171.2	
15040	
14924.8	
14915.2	
14598.4	
14800	
14601.6	
14745.6	
14700.8	
14764.8	
14864	
14755.2	
14742.4	
14732.8	
14848	
14803.2	
14860.8	
14934.4	
14988.8	
14809.6	
14694.4	
14838.4	
14976	
15088	
14764.8	
14921.6	
15056	
15139.2	
15136	
15056	
14960	
14838.4	
14822.4	
14880	
14940.8	
15014.4	
15017.6	
15033.6	
15046.4	
15072	
15049.6	
14963.2	
15027.2	
14960	
15081.6	
15232	
15228.8	
15216	
15216	
15180.8	
15174.4	
15238.4	
15177.6	
15305.6	
15209.6	
14963.2	
14902.4	
14803.2	
14864	
15011.2	
15104	
14700.8	
14672	
14736	
14617.6	
14835.2	
14694.4	
14812.8	
14768	
14742.4	
14854.4	
14870.4	
14835.2	
14822.4	
14752	
14908.8	
14716.8	
14640	
14864	
14745.6	
14841.6	
14832	
14793.6	
14864	
14678.4	
14809.6	
14838.4	
14828.8	
14825.6	
14793.6	
14771.2	
14742.4	
14742.4	
14777.6	
14857.6	
15065.6	
14985.6	
15084.8	
15177.6	
15065.6	
14860.8	
14768	
14774.4	
14819.2	
14627.2	
14934.4	
14896	
14835.2	
14764.8	
14854.4	
14841.6	
14649.6	
14582.4	
14620.8	
14707.2	
14688	
14912	
14867.2	
14848	
14908.8	
14777.6	
14656	
14518.4	
14841.6	
14896	
14908.8	
14870.4	
14777.6	
14777.6	
14662.4	
14512	
14534.4	
14473.6	
14563.2	
14556.8	
14576	
14672	
14723.2	
14668.8	
14700.8	
14675.2	
14601.6	
14595.2	
14684.8	
14681.6	
14630.4	
14592	
14480	
14560	
14572.8	
14771.2	
14796.8	
14656	
14713.6	
14627.2	
14620.8	
14720	
14742.4	
14841.6	
14777.6	
14819.2	
14966.4	
14780.8	
14694.4	
14691.2	
14547.2	
14774.4	
14828.8	
14812.8	
14745.6	
14739.2	
14940.8	
14816	
14819.2	
14931.2	
14969.6	
15094.4	
15043.2	
15142.4	
15113.6	
14886.4	
14838.4	
14985.6	
15040	
15059.2	
15046.4	
15072	
14800	
14828.8	
15113.6	
15161.6	
15142.4	
15059.2	
14992	
14937.6	
14838.4	
14777.6	
14675.2	
14809.6	
14979.2	
14992	
14857.6	
14851.2	
14745.6	
14700.8	
14604.8	
14617.6	
14723.2	
14787.2	
14982.4	
15059.2	
14960	
14748.8	
14620.8	
14764.8	
14697.6	
14723.2	
14726.4	
14844.8	
14854.4	
14601.6	
14720	
14620.8	
14768	
14700.8	
14697.6	
14713.6	
14550.4	
14617.6	
14550.4	
14870.4	
14704	
14716.8	
14745.6	
14726.4	
14611.2	
14652.8	
14675.2	
14636.8	
14656	
14668.8	
14659.2	
14646.4	
14627.2	
14854.4	
14835.2	
14960	
14924.8	
14710.4	
14646.4	
14713.6	
14537.6	
14508.8	
14768	
14700.8	
14662.4	
14656	
14630.4	
14588.8	
14768	
14627.2	
14627.2	
14675.2	
14566.4	
14675.2	
14704	
14646.4	
14726.4	
14636.8	
14476.8	
14416	
14316.8	
14265.6	
14406.4	
14448	
14361.6	
14336	
14384	
14476.8	
14672	
14512	
14518.4	
14400	
14342.4	
14300.8	
14512	
14550.4	
14492.8	
14585.6	
14476.8	
14470.4	
14726.4	
14704	
14681.6	
14752	
14710.4	
14550.4	
14585.6	
14617.6	
14352	
14617.6	
14684.8	
14553.6	
14732.8	
14707.2	
14768	
14745.6	
14729.6	
14816	
14905.6	
14972.8	
14787.2	
14675.2	
14592	
14675.2	
14272	
14438.4	
14486.4	
14400	
14352	
14569.6	
14748.8	
14672	
14694.4	
14601.6	
14604.8	
14694.4	
14694.4	
14569.6	
14400	
14518.4	
14524.8	
14451.2	
14400	
14310.4	
14473.6	
14563.2	
14476.8	
14425.6	
14454.4	
14496	
14412.8	
14310.4	
14326.4	
14400	
14444.8	
14620.8	
14822.4	
14716.8	
14624	
14611.2	
14476.8	
14518.4	
14403.2	
14361.6	
14460.8	
14576	
14524.8	
14723.2	
14633.6	
14611.2	
14764.8	
14713.6	
14905.6	
14854.4	
14963.2	
15056	
14921.6	
14729.6	
14841.6	
14822.4	
14777.6	
14675.2	
14780.8	
14649.6	
14838.4	
14774.4	
14867.2	
14921.6	
14748.8	
14732.8	
14886.4	
14825.6	
14691.2	
14774.4	
14688	
14784	
14864	
14694.4	
14835.2	
14822.4	
14694.4	
14668.8	
14608	
14771.2	
14675.2	
14636.8	
14480	
14441.6	
14483.2	
14524.8	
14508.8	
14496	
14400	
14576	
14553.6	
14412.8	
14643.2	
14432	
14550.4	
14544	
14540.8	
14624	
14332.8	
14448	
14438.4	
14576	
14556.8	
14544	
14467.2	
14550.4	
14524.8	
14694.4	
14668.8	
14499.2	
14460.8	
14460.8	
14534.4	
14534.4	
14457.6	
14576	
14515.2	
14566.4	
14700.8	
14729.6	
14745.6	
14838.4	
14944	
14870.4	
14780.8	
15024	
14956.8	
14956.8	
14953.6	
15136	
15052.8	
15056	
14908.8	
14947.2	
15027.2	
14988.8	
14928	
15062.4	
15052.8	
14947.2	
15104	
15049.6	
15100.8	
15049.6	
14998.4	
14864	
14787.2	
14812.8	
14931.2	
14899.2	
14844.8	
14800	
14771.2	
14780.8	
14940.8	
15004.8	
15136	
15078.4	
15072	
15123.2	
15065.6	
15027.2	
15030.4	
15075.2	
14883.2	
14755.2	
14665.6	
14841.6	
14604.8	
14524.8	
14627.2	
14508.8	
14524.8	
14608	
14768	
14880	
14854.4	
14844.8	
14822.4	
14921.6	
14793.6	
14752	
14844.8	
14780.8	
14816	
14777.6	
14688	
14672	
14819.2	
14851.2	
15008	
14902.4	
14899.2	
14822.4	
14921.6	
14931.2	
14969.6	
15020.8	
14924.8	
15139.2	
15142.4	
15014.4	
14864	
15033.6	
14940.8	
14860.8	
14934.4	
14844.8	
14787.2	
14883.2	
14745.6	
14784	
14902.4	
14976	
14892.8	
14883.2	
15004.8	
14944	
15065.6	
14950.4	
14800	
14812.8	
14771.2	
14800	
14582.4	
14672	
14457.6	
14432	
14611.2	
14697.6	
14723.2	
14585.6	
14630.4	
14835.2	
14822.4	
14867.2	
14800	
14832	
14752	
14902.4	
14835.2	
14809.6	
14848	
14835.2	
14921.6	
14713.6	
14777.6	
14755.2	
14643.2	
14745.6	
14790.4	
14732.8	
14684.8	
14672	
14531.2	
14662.4	
14822.4	
14918.4	
14944	
14761.6	
14553.6	
14582.4	
14403.2	
14544	
14761.6	
14688	
14828.8	
14678.4	
14640	
14604.8	
14601.6	
14681.6	
14659.2	
14768	
14985.6	
14873.6	
15052.8	
15174.4	
14972.8	
14995.2	
14979.2	
15107.2	
15075.2	
14918.4	
14723.2	
14700.8	
14780.8	
14992	
15036.8	
15072	
15129.6	
15126.4	
14998.4	
15033.6	
15120	
15148.8	
14998.4	
14934.4	
14777.6	
14828.8	
15017.6	
14947.2	
14966.4	
14979.2	
14860.8	
14742.4	
14729.6	
14704	
14624	
14656	
14620.8	
14774.4	
14828.8	
14707.2	
14528	
14560	
14579.2	
14710.4	
14601.6	
14835.2	
14876.8	
14921.6	
14956.8	
15068.8	
15091.2	
14848	
14796.8	
14464	
14540.8	
14659.2	
14675.2	
14665.6	
14646.4	
14768	
14560	
14435.2	
14364.8	
14528	
14547.2	
14582.4	
14640	
14739.2	
14800	
14729.6	
14944	
14832	
14870.4	
14627.2	
14720	
14777.6	
14790.4	
14809.6	
14726.4	
14812.8	
14697.6	
14809.6	
14688	
14691.2	
14646.4	
14643.2	
14784	
14918.4	
14720	
14688	
14707.2	
14876.8	
14985.6	
14880	
14822.4	
14739.2	
14809.6	
14736	
14854.4	
14716.8	
14828.8	
14713.6	
14636.8	
14726.4	
14755.2	
14675.2	
14793.6	
14614.4	
14684.8	
14694.4	
14742.4	
14841.6	
14899.2	
14870.4	
14860.8	
14940.8	
15072	
15273.6	
15091.2	
15174.4	
15072	
14995.2	
15116.8	
15216	
15219.2	
15270.4	
15081.6	
15004.8	
15075.2	
14848	
14921.6	
14963.2	
15008	
14995.2	
15088	
15123.2	
15139.2	
15008	
14908.8	
14931.2	
15136	
15244.8	
15251.2	
15248	
15027.2	
15068.8	
15059.2	
14854.4	
14956.8	
14995.2	
14764.8	
14748.8	
14576	
14758.4	
14886.4	
15020.8	
14937.6	
14896	
15107.2	
14934.4	
14886.4	
14950.4	
15225.6	
14931.2	
14892.8	
14819.2	
14758.4	
14966.4	
15049.6	
15129.6	
14892.8	
14940.8	
15084.8	
15136	
15036.8	
15033.6	
15020.8	
15008	
14921.6	
15065.6	
14659.2	
14764.8	
14758.4	
14774.4	
14780.8	
15104	
15097.6	
15126.4	
15001.6	
15001.6	
15043.2	
14870.4	
14835.2	
14825.6	
14588.8	
14691.2	
14665.6	
14684.8	
14512	
14633.6	
14729.6	
14860.8	
14780.8	
14790.4	
14777.6	
14793.6	
14707.2	
14595.2	
14652.8	
14902.4	
14844.8	
14924.8	
14982.4	
14937.6	
14844.8	
14883.2	
14752	
14940.8	
14918.4	
14803.2	
14944	
15155.2	
14969.6	
14944	
15024	
14934.4	
14857.6	
14665.6	
14624	
14585.6	
14710.4	
14870.4	
14793.6	
14841.6	
15043.2	
15228.8	
15120	
15062.4	
14908.8	
15097.6	
15017.6	
14892.8	
14940.8	
14969.6	
14892.8	
14739.2	
14860.8	
14969.6	
14947.2	
14969.6	
14947.2	
14963.2	
14880	
14796.8	
14707.2	
14518.4	
14672	
14659.2	
14652.8	
14876.8	
14710.4	
14665.6	
14700.8	
14806.4	
14832	
14947.2	
14806.4	
14784	
14883.2	
14800	
14736	
14745.6	
14659.2	
14540.8	
14598.4	
14524.8	
14707.2	
14892.8	
14627.2	
14803.2	
14691.2	
14582.4	
14886.4	
14918.4	
15033.6	
14988.8	
15027.2	
15030.4	
14953.6	
14940.8	
14700.8	
14784	
14742.4	
14822.4	
14867.2	
14816	
14694.4	
14835.2	
14867.2	
14896	
14851.2	
14768	
14752	
14937.6	
14700.8	
14793.6	
14838.4	
14774.4	
14854.4	
14716.8	
14556.8	
14665.6	
14710.4	
14768	
14502.4	
14809.6	
14812.8	
14774.4	
14755.2	
14739.2	
14700.8	
14713.6	
14691.2	
14604.8	
14585.6	
14598.4	
14592	
14563.2	
14540.8	
14636.8	
14662.4	
14681.6	
14870.4	
14736	
14841.6	
14908.8	
14828.8	
14787.2	
14665.6	
14825.6	
14790.4	
14777.6	
14915.2	
14787.2	
14441.6	
14297.6	
14294.4	
14425.6	
14476.8	
14572.8	
14860.8	
14809.6	
14928	
14950.4	
14700.8	
14732.8	
14742.4	
14851.2	
14928	
14976	
14867.2	
14940.8	
14883.2	
15036.8	
14969.6	
14963.2	
14832	
14787.2	
14940.8	
14992	
15052.8	
15145.6	
14918.4	
14944	
15219.2	
15184	
15187.2	
15158.4	
15177.6	
15136	
15065.6	
15148.8	
14982.4	
14848	
14729.6	
14928	
14739.2	
14777.6	
14896	
14857.6	
14892.8	
14816	
14844.8	
14918.4	
14828.8	
14851.2	
14819.2	
14819.2	
15043.2	
14966.4	
14860.8	
14934.4	
15088	
15020.8	
14912	
14841.6	
14864	
14729.6	
14630.4	
14742.4	
14828.8	
14585.6	
14537.6	
14512	
14768	
14659.2	
14758.4	
14812.8	
14905.6	
14851.2	
14723.2	
14736	
14924.8	
14876.8	
14889.6	
15075.2	
14905.6	
15036.8	
14739.2	
14729.6	
14803.2	
14624	
14678.4	
14694.4	
14768	
14656	
14579.2	
14691.2	
14755.2	
14694.4	
14630.4	
14640	
14739.2	
14688	
14726.4	
14880	
14707.2	
14758.4	
14915.2	
14851.2	
14835.2	
14886.4	
14918.4	
15049.6	
14966.4	
14915.2	
14819.2	
14816	
14937.6	
14886.4	
14720	
14672	
14704	
14729.6	
14771.2	
14809.6	
14864	
15004.8	
15017.6	
15244.8	
15200	
15036.8	
14937.6	
14908.8	
15139.2	
15008	
14982.4	
15110.4	
15008	
14886.4	
14892.8	
14841.6	
14812.8	
14825.6	
14908.8	
14976	
15040	
14908.8	
14736	
14710.4	
14921.6	
14819.2	
14960	
15036.8	
15161.6	
15036.8	
15164.8	
15107.2	
14947.2	
15036.8	
15027.2	
15017.6	
15136	
15161.6	
15184	
15257.6	
15132.8	
15248	
15254.4	
15174.4	
15308.8	
15280	
15283.2	
15280	
15184	
15209.6	
15209.6	
15254.4	
15171.2	
14915.2	
14995.2	
14966.4	
14860.8	
14867.2	
15020.8	
15043.2	
15033.6	
14931.2	
15014.4	
15161.6	
15040	
15094.4	
15184	
15040	
15148.8	
15020.8	
15072	
15049.6	
14947.2	
14979.2	
15008	
14934.4	
15059.2	
15196.8	
15177.6	
15216	
15324.8	
15196.8	
15276.8	
15238.4	
15046.4	
15225.6	
15187.2	
15052.8	
15075.2	
15139.2	
15142.4	
15107.2	
15081.6	
15043.2	
15040	
14745.6	
14710.4	
14764.8	
14793.6	
14796.8	
14880	
15068.8	
14988.8	
14883.2	
14707.2	
14720	
14649.6	
14758.4	
14758.4	
14668.8	
14870.4	
14889.6	
14931.2	
14953.6	
15049.6	
15020.8	
14873.6	
14937.6	
14963.2	
14921.6	
14947.2	
15068.8	
15001.6	
14963.2	
14736	
14691.2	
14822.4	
14777.6	
14764.8	
14790.4	
14928	
14902.4	
14819.2	
14819.2	
14889.6	
14928	
14889.6	
14924.8	
14854.4	
14883.2	
14739.2	
14780.8	
14905.6	
14915.2	
14972.8	
14937.6	
14876.8	
14806.4	
14713.6	
14796.8	
14630.4	
14713.6	
14723.2	
14585.6	
14678.4	
14576	
14624	
14489.6	
14425.6	
14729.6	
14876.8	
14979.2	
14928	
14979.2	
14969.6	
14739.2	
14822.4	
14931.2	
14928	
14867.2	
15017.6	
14806.4	
14803.2	
14982.4	
14854.4	
14803.2	
14620.8	
14752	
14867.2	
14732.8	
14761.6	
14681.6	
14697.6	
14844.8	
14902.4	
14892.8	
14928	
15036.8	
14982.4	
14937.6	
15024	
14960	
15008	
14953.6	
14979.2	
14816	
14736	
14921.6	
14675.2	
14841.6	
15030.4	
14921.6	
14937.6	
14924.8	
14937.6	
14896	
14864	
15084.8	
14940.8	
14918.4	
15004.8	
14928	
14960	
15203.2	
15161.6	
15136	
15104	
15225.6	
15296	
15286.4	
15267.2	
15328	
15395.2	
15318.4	
15107.2	
15078.4	
15062.4	
15116.8	
15200	
15270.4	
15270.4	
15260.8	
15145.6	
15164.8	
15100.8	
15174.4	
15235.2	
15353.6	
15235.2	
15248	
15430.4	
15238.4	
15155.2	
15123.2	
15161.6	
15251.2	
15420.8	
15043.2	
15222.4	
15174.4	
15088	
15225.6	
15206.4	
15187.2	
15145.6	
15216	
15280	
15289.6	
15456	
15312	
15420.8	
15139.2	
15059.2	
15088	
15196.8	
15283.2	
15145.6	
15004.8	
14915.2	
15036.8	
15100.8	
15052.8	
15161.6	
15091.2	
15142.4	
15036.8	
15046.4	
15017.6	
15062.4	
15363.2	
15228.8	
15216	
15152	
15123.2	
14899.2	
15024	
15062.4	
15075.2	
15088	
15091.2	
15168	
15184	
15174.4	
15347.2	
15465.6	
15446.4	
15427.2	
15331.2	
15180.8	
15110.4	
15152	
15235.2	
15334.4	
15299.2	
15267.2	
15084.8	
15152	
15225.6	
15267.2	
15232	
15331.2	
15340.8	
15356.8	
15321.6	
15043.2	
15248	
15593.6	
15750.4	
15430.4	
15228.8	
15251.2	
15276.8	
15273.6	
15308.8	
15248	
15337.6	
15209.6	
15091.2	
15280	
15257.6	
15216	
15091.2	
15017.6	
15225.6	
15212.8	
15001.6	
15030.4	
14956.8	
14880	
14880	
14832	
14844.8	
14681.6	
14796.8	
14752	
14764.8	
14780.8	
14886.4	
14912	
14896	
14784	
14579.2	
14550.4	
14502.4	
14681.6	
14758.4	
14729.6	
14755.2	
14777.6	
14822.4	
14867.2	
14816	
14867.2	
14822.4	
14822.4	
14726.4	
14710.4	
14723.2	
14633.6	
14515.2	
14412.8	
14592	
14716.8	
14902.4	
14988.8	
14918.4	
14822.4	
14854.4	
14864	
14950.4	
14947.2	
14867.2	
14960	
15046.4	
15094.4	
14972.8	
14918.4	
14787.2	
14688	
14796.8	
14771.2	
14876.8	
14832	
14832	
14947.2	
14902.4	
15068.8	
14985.6	
14963.2	
14835.2	
14876.8	
14870.4	
14710.4	
14745.6	
14697.6	
14604.8	
14563.2	
14444.8	
14470.4	
14438.4	
14508.8	
14636.8	
14809.6	
14835.2	
14825.6	
14710.4	
14675.2	
14566.4	
14508.8	
14457.6	
14617.6	
14652.8	
14553.6	
14620.8	
14624	
14672	
14729.6	
14764.8	
14944	
14768	
14627.2	
14672	
14585.6	
14803.2	
14809.6	
14761.6	
14691.2	
14643.2	
14678.4	
14576	
14672	
14739.2	
14873.6	
14793.6	
14774.4	
14787.2	
14768	
14627.2	
14614.4	
14627.2	
14598.4	
14755.2	
14780.8	
14848	
14707.2	
14652.8	
14758.4	
14563.2	
14467.2	
14435.2	
14419.2	
14537.6	
14748.8	
14627.2	
14595.2	
14713.6	
14822.4	
15052.8	
15174.4	
14995.2	
14947.2	
15001.6	
15024	
15027.2	
15014.4	
15062.4	
15011.2	
15139.2	
14828.8	
14800	
14870.4	
14832	
14793.6	
14979.2	
14880	
14700.8	
14752	
14931.2	
15011.2	
14972.8	
15180.8	
15158.4	
15228.8	
15267.2	
15260.8	
15024	
15068.8	
15212.8	
15235.2	
15040	
15084.8	
15017.6	
15337.6	
15344	
15270.4	
15251.2	
15139.2	
15190.4	
15420.8	
15363.2	
15267.2	
15216	
15232	
15081.6	
15081.6	
15283.2	
15305.6	
15254.4	
15350.4	
15315.2	
15334.4	
15408	
15452.8	
15244.8	
15264	
15232	
15129.6	
15158.4	
15353.6	
15443.2	
15276.8	
15104	
15043.2	
15244.8	
15395.2	
15302.4	
15164.8	
15078.4	
15078.4	
15011.2	
14924.8	
15011.2	
15049.6	
14982.4	
15209.6	
15078.4	
15046.4	
14950.4	
15113.6	
15088	
15113.6	
15161.6	
15110.4	
15081.6	
15190.4	
15056	
15139.2	
15158.4	
15257.6	
15232	
15289.6	
15264	
15097.6	
15075.2	
15008	
15139.2	
15353.6	
15404.8	
15350.4	
15248	
15187.2	
15187.2	
15145.6	
15241.6	
15078.4	
15139.2	
14995.2	
15084.8	
15116.8	
15056	
15180.8	
14950.4	
15142.4	
15081.6	
15107.2	
15152	
15094.4	
15052.8	
15283.2	
15232	
15107.2	
15216	
15219.2	
14851.2	
14844.8	
14844.8	
15059.2	
15072	
15174.4	
15222.4	
15216	
15404.8	
15132.8	
15174.4	
15212.8	
15372.8	
15043.2	
15260.8	
15094.4	
15216	
15219.2	
15209.6	
15142.4	
15088	
15033.6	
15091.2	
15081.6	
15142.4	
15270.4	
15078.4	
15059.2	
15174.4	
15107.2	
14995.2	
15116.8	
15107.2	
15004.8	
14982.4	
15417.6	
15395.2	
15126.4	
15040	
14912	
15030.4	
15008	
14956.8	
15001.6	
15200	
15296	
15225.6	
15344	
15433.6	
15328	
15347.2	
15430.4	
15353.6	
15321.6	
15308.8	
15168	
15148.8	
15267.2	
15142.4	
15072	
14998.4	
15043.2	
15062.4	
15145.6	
15184	
15065.6	
15120	
15232	
15264	
15216	
15193.6	
15315.2	
15350.4	
15299.2	
15222.4	
15177.6	
15155.2	
15139.2	
15014.4	
14892.8	
14899.2	
14780.8	
14800	
14697.6	
14691.2	
14668.8	
14710.4	
14684.8	
14828.8	
14854.4	
14755.2	
14976	
15081.6	
15107.2	
15011.2	
14972.8	
15008	
14793.6	
14752	
14819.2	
14908.8	
14828.8	
14857.6	
14870.4	
14937.6	
14976	
14979.2	
15228.8	
15312	
15270.4	
15292.8	
15379.2	
15328	
15260.8	
15132.8	
15126.4	
15180.8	
14883.2	
14921.6	
15046.4	
15059.2	
15011.2	
15123.2	
15075.2	
14822.4	
14928	
14947.2	
14851.2	
14899.2	
14825.6	
14896	
14864	
14908.8	
14918.4	
15046.4	
15180.8	
15164.8	
15081.6	
15216	
15190.4	
15299.2	
15315.2	
15190.4	
15308.8	
15267.2	
15235.2	
15251.2	
15152	
14969.6	
15017.6	
14982.4	
14915.2	
14931.2	
15024	
15126.4	
15046.4	
14921.6	
14972.8	
15072	
15123.2	
15270.4	
15350.4	
15235.2	
15244.8	
15257.6	
15129.6	
14998.4	
14848	
14672	
14873.6	
15043.2	
15136	
14899.2	
14924.8	
15171.2	
15190.4	
15334.4	
15276.8	
15180.8	
15196.8	
15113.6	
15081.6	
15027.2	
15091.2	
15180.8	
15142.4	
14838.4	
14675.2	
14771.2	
14787.2	
14729.6	
14956.8	
14928	
14841.6	
14819.2	
14854.4	
15033.6	
15091.2	
15052.8	
15065.6	
15062.4	
15052.8	
14867.2	
14790.4	
14960	
14988.8	
14953.6	
14928	
14953.6	
14883.2	
14752	
14963.2	
14777.6	
15017.6	
14963.2	
14848	
15011.2	
14809.6	
14892.8	
14912	
14822.4	
14867.2	
14924.8	
14928	
15036.8	
15257.6	
15235.2	
15228.8	
15152	
15209.6	
15148.8	
15004.8	
15132.8	
15072	
15152	
15158.4	
15062.4	
15116.8	
14979.2	
15107.2	
14880	
14908.8	
14934.4	
14790.4	
14758.4	
14899.2	
14835.2	
14771.2	
14841.6	
14880	
14819.2	
14796.8	
14905.6	
15104	
14976	
15059.2	
15049.6	
15008	
15062.4	
15017.6	
15068.8	
15100.8	
15097.6	
14899.2	
14822.4	
14934.4	
15008	
14944	
14876.8	
14934.4	
14825.6	
14816	
14793.6	
14774.4	
14828.8	
14937.6	
14988.8	
15081.6	
15062.4	
15110.4	
15056	
15011.2	
15059.2	
14908.8	
14944	
14832	
14822.4	
14870.4	
14912	
14886.4	
14835.2	
14956.8	
14675.2	
14569.6	
14579.2	
14665.6	
14633.6	
14649.6	
14598.4	
14515.2	
14761.6	
14966.4	
14998.4	
14998.4	
15052.8	
14892.8	
15008	
14857.6	
15008	
15094.4	
15027.2	
15068.8	
14988.8	
14944	
14838.4	
14787.2	
14835.2	
14908.8	
14860.8	
14777.6	
14838.4	
14774.4	
14937.6	
14950.4	
15030.4	
14992	
14905.6	
14908.8	
14908.8	
14953.6	
14992	
14976	
15004.8	
15046.4	
14841.6	
14902.4	
14956.8	
14966.4	
14921.6	
14963.2	
15193.6	
15219.2	
15254.4	
15113.6	
15161.6	
15209.6	
15260.8	
15177.6	
15145.6	
15014.4	
15084.8	
15120	
15120	
15155.2	
15049.6	
14963.2	
14966.4	
14841.6	
14780.8	
14940.8	
14966.4	
15078.4	
15110.4	
15228.8	
15363.2	
15379.2	
15222.4	
14995.2	
15206.4	
15184	
15334.4	
15398.4	
15334.4	
15449.6	
15286.4	
15264	
15283.2	
15078.4	
14998.4	
15072	
14883.2	
14995.2	
14819.2	
14867.2	
14883.2	
14796.8	
14633.6	
14886.4	
14876.8	
14969.6	
15065.6	
15030.4	
15020.8	
15049.6	
14956.8	
14969.6	
15091.2	
15270.4	
15148.8	
14982.4	
15081.6	
14982.4	
14928	
14835.2	
14787.2	
14880	
15046.4	
15030.4	
14892.8	
14969.6	
15068.8	
15059.2	
15097.6	
14953.6	
15081.6	
15132.8	
15097.6	
14918.4	
15014.4	
15011.2	
15091.2	
15123.2	
15001.6	
14691.2	
14796.8	
14806.4	
14726.4	
14726.4	
14889.6	
14982.4	
15139.2	
15104	
15033.6	
15040	
15107.2	
15200	
15168	
15036.8	
14992	
15040	
15222.4	
15094.4	
15158.4	
15100.8	
15225.6	
15094.4	
15072	
15100.8	
15040	
15059.2	
15033.6	
14995.2	
14960	
15081.6	
15008	
15148.8	
15152	
15094.4	
15142.4	
15043.2	
15030.4	
15132.8	
15209.6	
15136	
14934.4	
14822.4	
14726.4	
15024	
15020.8	
14902.4	
14969.6	
14873.6	
14902.4	
14921.6	
14854.4	
14796.8	
14787.2	
14736	
14873.6	
14902.4	
14796.8	
14857.6	
14614.4	
14665.6	
14531.2	
14649.6	
14672	
14774.4	
14550.4	
14464	
14563.2	
14470.4	
14576	
14582.4	
14588.8	
14467.2	
14576	
14764.8	
14940.8	
15040	
14992	
14848	
14784	
14633.6	
14540.8	
14630.4	
14553.6	
14585.6	
14627.2	
14960	
14838.4	
14764.8	
14588.8	
14646.4	
14774.4	
14812.8	
14800	
14851.2	
14732.8	
14515.2	
14672	
14646.4	
14688	
14854.4	
14729.6	
14761.6	
14668.8	
14822.4	
14876.8	
14812.8	
14803.2	
14816	
14998.4	
14899.2	
14873.6	
14764.8	
14681.6	
14656	
14812.8	
14742.4	
14761.6	
14883.2	
14819.2	
14761.6	
14832	
14636.8	
14649.6	
14787.2	
14729.6	
14736	
14742.4	
14873.6	
14924.8	
14880	
14886.4	
14963.2	
15100.8	
15075.2	
15088	
15145.6	
15011.2	
15084.8	
15139.2	
15216	
14979.2	
14966.4	
14985.6	
14937.6	
14902.4	
14937.6	
15030.4	
14976	
14857.6	
14953.6	
14966.4	
14924.8	
14931.2	
14950.4	
14841.6	
14867.2	
15072	
15168	
14918.4	
14979.2	
15164.8	
15001.6	
15116.8	
15052.8	
15040	
15052.8	
15040	
14873.6	
14694.4	
14774.4	
14892.8	
15049.6	
15059.2	
15152	
15158.4	
15158.4	
15206.4	
15097.6	
15100.8	
15219.2	
15104	
15097.6	
15174.4	
15398.4	
15296	
15081.6	
15046.4	
15084.8	
15126.4	
15020.8	
15152	
15376	
15414.4	
15321.6	
15222.4	
15180.8	
15030.4	
15094.4	
14972.8	
15011.2	
15126.4	
15120	
15120	
15248	
15296	
15174.4	
15168	
15456	
15443.2	
15360	
15193.6	
15376	
15308.8	
15228.8	
15225.6	
15072	
15030.4	
15097.6	
15081.6	
15120	
15088	
15187.2	
15072	
15017.6	
15126.4	
15126.4	
15001.6	
15161.6	
15235.2	
15228.8	
15222.4	
15100.8	
15056	
15187.2	
15187.2	
15011.2	
15030.4	
15008	
14796.8	
14684.8	
14905.6	
14768	
14755.2	
14524.8	
14588.8	
14854.4	
14742.4	
14697.6	
14886.4	
14748.8	
14620.8	
14608	
14771.2	
15056	
14838.4	
14659.2	
14569.6	
14595.2	
14502.4	
14665.6	
14752	
14793.6	
14739.2	
14748.8	
14908.8	
14643.2	
14508.8	
14489.6	
14502.4	
14566.4	
14732.8	
14838.4	
14816	
14716.8	
14716.8	
14739.2	
14736	
14854.4	
14812.8	
14867.2	
14684.8	
14710.4	
14729.6	
14697.6	
14809.6	
14854.4	
14819.2	
14803.2	
14940.8	
14777.6	
14819.2	
14848	
14867.2	
14777.6	
14892.8	
14832	
14883.2	
15014.4	
14889.6	
14809.6	
14598.4	
14502.4	
14768	
14841.6	
14937.6	
14886.4	
14995.2	
14867.2	
14960	
14867.2	
15081.6	
15033.6	
14828.8	
14912	
14985.6	
14908.8	
14835.2	
14822.4	
14812.8	
14691.2	
14627.2	
14636.8	
14576	
14515.2	
14595.2	
14592	
14777.6	
14793.6	
14771.2	
14912	
14995.2	
15091.2	
15187.2	
15126.4	
14758.4	
14777.6	
14835.2	
14864	
14956.8	
14921.6	
14742.4	
14835.2	
14969.6	
14992	
14950.4	
14950.4	
14944	
14883.2	
14931.2	
14992	
14892.8	
14892.8	
15043.2	
15091.2	
15014.4	
15110.4	
15062.4	
14969.6	
14992	
14912	
15027.2	
14969.6	
14838.4	
14860.8	
14864	
14822.4	
14668.8	
14528	
14684.8	
14611.2	
14537.6	
14553.6	
14595.2	
14806.4	
14624	
14704	
14784	
14678.4	
14649.6	
14844.8	
14937.6	
15094.4	
14979.2	
15040	
14940.8	
14889.6	
14812.8	
14905.6	
15030.4	
14921.6	
15046.4	
15036.8	
15184	
15030.4	
15097.6	
15040	
15132.8	
15212.8	
15276.8	
15209.6	
14960	
14825.6	
14819.2	
14928	
14838.4	
14816	
14889.6	
14867.2	
14940.8	
15024	
14902.4	
14912	
14928	
14972.8	
14928	
14835.2	
14899.2	
14876.8	
14992	
14940.8	
15062.4	
15008	
14934.4	
14729.6	
14937.6	
14886.4	
14848	
14748.8	
14905.6	
14652.8	
14428.8	
14710.4	
14518.4	
14451.2	
14566.4	
14540.8	
14550.4	
14649.6	
14953.6	
14905.6	
14835.2	
14931.2	
14905.6	
14883.2	
14787.2	
14860.8	
14979.2	
15097.6	
15001.6	
15142.4	
14931.2	
14774.4	
14928	
14972.8	
14918.4	
14896	
14736	
14710.4	
14633.6	
14537.6	
14547.2	
14566.4	
14496	
14300.8	
14617.6	
14633.6	
14630.4	
14620.8	
14569.6	
14595.2	
14537.6	
14537.6	
14579.2	
14675.2	
14700.8	
14713.6	
14822.4	
14873.6	
14822.4	
14969.6	
14950.4	
14915.2	
14780.8	
14995.2	
15059.2	
15190.4	
15107.2	
14912	
14764.8	
14844.8	
14841.6	
15017.6	
14937.6	
14998.4	
15152	
15052.8	
15068.8	
14979.2	
15036.8	
14816	
15017.6	
15059.2	
14992	
14851.2	
14771.2	
14848	
14979.2	
14854.4	
14771.2	
14780.8	
14812.8	
14796.8	
14739.2	
14966.4	
14886.4	
14972.8	
14892.8	
14809.6	
14758.4	
14745.6	
14672	
14678.4	
14665.6	
14553.6	
14640	
14691.2	
14736	
14902.4	
14883.2	
14947.2	
14947.2	
14924.8	
14748.8	
14816	
14812.8	
14883.2	
15033.6	
14972.8	
14940.8	
15088	
15068.8	
15040	
14912	
14969.6	
15011.2	
15148.8	
15276.8	
15168	
15187.2	
15094.4	
14969.6	
15065.6	
15056	
15158.4	
15273.6	
15251.2	
15334.4	
15376	
15308.8	
15222.4	
15270.4	
15136	
15049.6	
15030.4	
15046.4	
14998.4	
14969.6	
15011.2	
15164.8	
15232	
15315.2	
15232	
15385.6	
15395.2	
15353.6	
15196.8	
15264	
15171.2	
15254.4	
15107.2	
15142.4	
15344	
15209.6	
15065.6	
15113.6	
14953.6	
14953.6	
14899.2	
15001.6	
15068.8	
15097.6	
15129.6	
15257.6	
15331.2	
15097.6	
15046.4	
15072	
15168	
14944	
15145.6	
15318.4	
15363.2	
15152	
15100.8	
15011.2	
15100.8	
15142.4	
15190.4	
15123.2	
14988.8	
15235.2	
15120	
15206.4	
15241.6	
15068.8	
15078.4	
15152	
15174.4	
15052.8	
15155.2	
14998.4	
15091.2	
15145.6	
14956.8	
15107.2	
15155.2	
15097.6	
15030.4	
15139.2	
15110.4	
15123.2	
15222.4	
14972.8	
14828.8	
14835.2	
14713.6	
14995.2	
14979.2	
15088	
15152	
15049.6	
14947.2	
14947.2	
14892.8	
14841.6	
14790.4	
14758.4	
15065.6	
15027.2	
14985.6	
14912	
15027.2	
14931.2	
15036.8	
14969.6	
15088	
14982.4	
14960	
15145.6	
15161.6	
15107.2	
14976	
14876.8	
14652.8	
14768	
14886.4	
14937.6	
14963.2	
14883.2	
14902.4	
14694.4	
14643.2	
14822.4	
14633.6	
14780.8	
14889.6	
14899.2	
14883.2	
14899.2	
14700.8	
14649.6	
14563.2	
14323.2	
14368	
14428.8	
14316.8	
14476.8	
14742.4	
14521.6	
14707.2	
14812.8	
14918.4	
14889.6	
14921.6	
14684.8	
14521.6	
14454.4	
14457.6	
14480	
14569.6	
14374.4	
14342.4	
14464	
14476.8	
14505.6	
14492.8	
14499.2	
14380.8	
14329.6	
14339.2	
14300.8	
14345.6	
14441.6	
14480	
14480	
14585.6	
14700.8	
14515.2	
14688	
14819.2	
14771.2	
14860.8	
14771.2	
14828.8	
14576	
14668.8	
14864	
14726.4	
14732.8	
14828.8	
14892.8	
14806.4	
14998.4	
14953.6	
15123.2	
15123.2	
15222.4	
14966.4	
14953.6	
14921.6	
14928	
14889.6	
14924.8	
14947.2	
15132.8	
15068.8	
15104	
15187.2	
15004.8	
14908.8	
14800	
14880	
14912	
14809.6	
14688	
14656	
14665.6	
14736	
14752	
14928	
15152	
15139.2	
15033.6	
15136	
15062.4	
15116.8	
15193.6	
15040	
15072	
15059.2	
15148.8	
15126.4	
15174.4	
15129.6	
14889.6	
14848	
15056	
15209.6	
15315.2	
15392	
15360	
15353.6	
15273.6	
15318.4	
15408	
15321.6	
15340.8	
15283.2	
15350.4	
15200	
15324.8	
15273.6	
15212.8	
15145.6	
15088	
14979.2	
15113.6	
15100.8	
15136	
14876.8	
14649.6	
14713.6	
14800	
15008	
14950.4	
14912	
14870.4	
14928	
14992	
15011.2	
14931.2	
14976	
14972.8	
14809.6	
14921.6	
14761.6	
14771.2	
14883.2	
14918.4	
15008	
14876.8	
15040	
14947.2	
14969.6	
14950.4	
14928	
14985.6	
14988.8	
14819.2	
14841.6	
14809.6	
15030.4	
14937.6	
14806.4	
14774.4	
14969.6	
14912	
14771.2	
14889.6	
14736	
14742.4	
14838.4	
14892.8	
14713.6	
14732.8	
14681.6	
14652.8	
14729.6	
14723.2	
14652.8	
14758.4	
14678.4	
14582.4	
14560	
14630.4	
14585.6	
14694.4	
14870.4	
14902.4	
14860.8	
14720	
14780.8	
14969.6	
14963.2	
14918.4	
14886.4	
14880	
14921.6	
14912	
14947.2	
15152	
15158.4	
14950.4	
14870.4	
14736	
14915.2	
14716.8	
14860.8	
14908.8	
14908.8	
15043.2	
15196.8	
15171.2	
15299.2	
15337.6	
15251.2	
15056	
14908.8	
14774.4	
14912	
14828.8	
14761.6	
14950.4	
14969.6	
14870.4	
14905.6	
15088	
14985.6	
14896	
14752	
14841.6	
14969.6	
14886.4	
14905.6	
15014.4	
14940.8	
14796.8	
14777.6	
14774.4	
14652.8	
14774.4	
14700.8	
14659.2	
14688	
14736	
14675.2	
14572.8	
14819.2	
14665.6	
14720	
14739.2	
14819.2	
14905.6	
14940.8	
14937.6	
14870.4	
14656	
14748.8	
14796.8	
14646.4	
14579.2	
14646.4	
14896	
14819.2	
14707.2	
14569.6	
14547.2	
14528	
14764.8	
14716.8	
14752	
14678.4	
14771.2	
14787.2	
14700.8	
14608	
14720	
14720	
14784	
14691.2	
14832	
14880	
14860.8	
14729.6	
14748.8	
14902.4	
14755.2	
14854.4	
14720	
14828.8	
14838.4	
14854.4	
14659.2	
14729.6	
14803.2	
14563.2	
14758.4	
14787.2	
14614.4	
14681.6	
14716.8	
14752	
14752	
14723.2	
14860.8	
14668.8	
14611.2	
14598.4	
14809.6	
14902.4	
14860.8	
14854.4	
14771.2	
14816	
14892.8	
14982.4	
15052.8	
15001.6	
14988.8	
15136	
15136	
14886.4	
14940.8	
15139.2	
15030.4	
15056	
15152	
15110.4	
15084.8	
14950.4	
14828.8	
14748.8	
14729.6	
14704	
14588.8	
14748.8	
14736	
14848	
14745.6	
14857.6	
14656	
14796.8	
14774.4	
14742.4	
14790.4	
14764.8	
14636.8	
14707.2	
14540.8	
14563.2	
14608	
14732.8	
14633.6	
14758.4	
14976	
15014.4	
14944	
14860.8	
15036.8	
14988.8	
14947.2	
14854.4	
14934.4	
14803.2	
14803.2	
14921.6	
14758.4	
14736	
14780.8	
14793.6	
14908.8	
14896	
15107.2	
15155.2	
15046.4	
14918.4	
14864	
14985.6	
15008	
15040	
14835.2	
14934.4	
14796.8	
14771.2	
14796.8	
14774.4	
14713.6	
14630.4	
14534.4	
14544	
14694.4	
14876.8	
14707.2	
14867.2	
14867.2	
15072	
14988.8	
15027.2	
14838.4	
14470.4	
14576	
14438.4	
14611.2	
14755.2	
14963.2	
14966.4	
14822.4	
14912	
14816	
14790.4	
14720	
14880	
15052.8	
15040	
14915.2	
14851.2	
14809.6	
14912	
14905.6	
15001.6	
14908.8	
14812.8	
14806.4	
14908.8	
14713.6	
14864	
14803.2	
14947.2	
14876.8	
14912	
14944	
14873.6	
14857.6	
14841.6	
14867.2	
14988.8	
14979.2	
14806.4	
14886.4	
14992	
15062.4	
15123.2	
15180.8	
15232	
14998.4	
14960	
15158.4	
14995.2	
14774.4	
14924.8	
15078.4	
14889.6	
15001.6	
14838.4	
14697.6	
14787.2	
14851.2	
14966.4	
14988.8	
15036.8	
15100.8	
15110.4	
15072	
15049.6	
15084.8	
15104	
15142.4	
15052.8	
15065.6	
14931.2	
14937.6	
15068.8	
15094.4	
15024	
15136	
15062.4	
15222.4	
14979.2	
15116.8	
14924.8	
15040	
15017.6	
15097.6	
15196.8	
15209.6	
15212.8	
15072	
15155.2	
15088	
15180.8	
15126.4	
15110.4	
15187.2	
15043.2	
15014.4	
14969.6	
14969.6	
15177.6	
15155.2	
15052.8	
14944	
14944	
15110.4	
14924.8	
15075.2	
14921.6	
14873.6	
14873.6	
14784	
14752	
14803.2	
14707.2	
14736	
14739.2	
14880	
14700.8	
14710.4	
14806.4	
14777.6	
14681.6	
14646.4	
14604.8	
14614.4	
14608	
14435.2	
14547.2	
14476.8	
14620.8	
14569.6	
14441.6	
14435.2	
14617.6	
14688	
14656	
14524.8	
14688	
14857.6	
14825.6	
15052.8	
14972.8	
14892.8	
14745.6	
14768	
14748.8	
14931.2	
14832	
15078.4	
15107.2	
15072	
14924.8	
14992	
15033.6	
14854.4	
15059.2	
15113.6	
15139.2	
14966.4	
14979.2	
14892.8	
14880	
15065.6	
15180.8	
15094.4	
15139.2	
15184	
15132.8	
15072	
14966.4	
14953.6	
14809.6	
14758.4	
14771.2	
14704	
14755.2	
14614.4	
14556.8	
14480	
14704	
14732.8	
14486.4	
14476.8	
14556.8	
14566.4	
14614.4	
14611.2	
14668.8	
14726.4	
14748.8	
14848	
14940.8	
15027.2	
14841.6	
14790.4	
14841.6	
14892.8	
14921.6	
14876.8	
14953.6	
14844.8	
14803.2	
14710.4	
14822.4	
14928	
14918.4	
14851.2	
15116.8	
15161.6	
15184	
15190.4	
15145.6	
14992	
15043.2	
15094.4	
15126.4	
15206.4	
15110.4	
15017.6	
15180.8	
15289.6	
15366.4	
15318.4	
15139.2	
15171.2	
15280	
15177.6	
15360	
15481.6	
15209.6	
15001.6	
14928	
14918.4	
14880	
14886.4	
14960	
15100.8	
15225.6	
15299.2	
15145.6	
15222.4	
15152	
15091.2	
14918.4	
14873.6	
14806.4	
14838.4	
14883.2	
14915.2	
15126.4	
15056	
15123.2	
15024	
14928	
15024	
15024	
15091.2	
15168	
15078.4	
15065.6	
14966.4	
14966.4	
14944	
15024	
14988.8	
15091.2	
14960	
14915.2	
14912	
14793.6	
14937.6	
14992	
14838.4	
14723.2	
14649.6	
14620.8	
14451.2	
14588.8	
14764.8	
14982.4	
14992	
14640	
14700.8	
14665.6	
14652.8	
14560	
14688	
14928	
14819.2	
14537.6	
14483.2	
14281.6	
14284.8	
14457.6	
14419.2	
14288	
14358.4	
14409.6	
14672	
14652.8	
14656	
14784	
14672	
14604.8	
14649.6	
14665.6	
14416	
14483.2	
14448	
14588.8	
14598.4	
14729.6	
14777.6	
14915.2	
14784	
14768	
14844.8	
14931.2	
14950.4	
14940.8	
15104	
14915.2	
14857.6	
14889.6	
14803.2	
14624	
14656	
14710.4	
14768	
15094.4	
15136	
15254.4	
15094.4	
14976	
14838.4	
14937.6	
15043.2	
15187.2	
15043.2	
15084.8	
14940.8	
15008	
14976	
14953.6	
14915.2	
14924.8	
14812.8	
14934.4	
14860.8	
14793.6	
14931.2	
14796.8	
14953.6	
14838.4	
14700.8	
14995.2	
15193.6	
14896	
14736	
14809.6	
14713.6	
14761.6	
14835.2	
14700.8	
14790.4	
15043.2	
15142.4	
15126.4	
15072	
15072	
14966.4	
15120	
15228.8	
15228.8	
15308.8	
15267.2	
15110.4	
15084.8	
15126.4	
15104	
15315.2	
15356.8	
15177.6	
14998.4	
15171.2	
15040	
15072	
15088	
15001.6	
15088	
15120	
15059.2	
15011.2	
14976	
14969.6	
15008	
14947.2	
14870.4	
14796.8	
14937.6	
14934.4	
14908.8	
14816	
14988.8	
15008	
14960	
15126.4	
15142.4	
15206.4	
15216	
15001.6	
15104	
15193.6	
15148.8	
15126.4	
15088	
15043.2	
15049.6	
15308.8	
15324.8	
15420.8	
15433.6	
15417.6	
15203.2	
15158.4	
15340.8	
15216	
15190.4	
14953.6	
14873.6	
14652.8	
14771.2	
14729.6	
14713.6	
14582.4	
14899.2	
15091.2	
15033.6	
14912	
14982.4	
14851.2	
14816	
14944	
14793.6	
14867.2	
14857.6	
14912	
14896	
14896	
14947.2	
14793.6	
14761.6	
14752	
14905.6	
15068.8	
14924.8	
14707.2	
14668.8	
14652.8	
14819.2	
14899.2	
14844.8	
14918.4	
14816	
14976	
14873.6	
14697.6	
14896	
14892.8	
14905.6	
14979.2	
15216	
15072	
15052.8	
14979.2	
15033.6	
14832	
14848	
14908.8	
15040	
15145.6	
15225.6	
15132.8	
15203.2	
15228.8	
15228.8	
15232	
15072	
15110.4	
14876.8	
14937.6	
14851.2	
14892.8	
14915.2	
14969.6	
15100.8	
15116.8	
15238.4	
14982.4	
14924.8	
14780.8	
14841.6	
14832	
14857.6	
14800	
14838.4	
14966.4	
15004.8	
14937.6	
14844.8	
15036.8	
14972.8	
15094.4	
15011.2	
14995.2	
14937.6	
14902.4	
14672	
14652.8	
14825.6	
14572.8	
14569.6	
14505.6	
14505.6	
14736	
14860.8	
14905.6	
14828.8	
14806.4	
14758.4	
14716.8	
14870.4	
14924.8	
14883.2	
14777.6	
14809.6	
14876.8	
14822.4	
14822.4	
14768	
14745.6	
14736	
14982.4	
15152	
15161.6	
15030.4	
15081.6	
15036.8	
15088	
15052.8	
15107.2	
15024	
15126.4	
14902.4	
14822.4	
14806.4	
14787.2	
14694.4	
14614.4	
14553.6	
14620.8	
14752	
14985.6	
14681.6	
14780.8	
14838.4	
14662.4	
14582.4	
14585.6	
14448	
14704	
14531.2	
14592	
14355.2	
14262.4	
14496	
14758.4	
14787.2	
14812.8	
14972.8	
14838.4	
14793.6	
14816	
15027.2	
15062.4	
14876.8	
14835.2	
14886.4	
14918.4	
14982.4	
14915.2	
14873.6	
14684.8	
14790.4	
14832	
14723.2	
14768	
14822.4	
14620.8	
14620.8	
14604.8	
14534.4	
14569.6	
14582.4	
14435.2	
14393.6	
14556.8	
14380.8	
14483.2	
14579.2	
14710.4	
14601.6	
14588.8	
14649.6	
14720	
14582.4	
14502.4	
14601.6	
14803.2	
14720	
14736	
14643.2	
14489.6	
14566.4	
14384	
14480	
14483.2	
14748.8	
14825.6	
14739.2	
14700.8	
14880	
14822.4	
14793.6	
14643.2	
14518.4	
14262.4	
14422.4	
14355.2	
14492.8	
14534.4	
14332.8	
14467.2	
14620.8	
14636.8	
14521.6	
14438.4	
14518.4	
14595.2	
14806.4	
14739.2	
14800	
14720	
14768	
14924.8	
14876.8	
14793.6	
14752	
14630.4	
14384	
14531.2	
14563.2	
14451.2	
14569.6	
14659.2	
14588.8	
14556.8	
14390.4	
14393.6	
14412.8	
14364.8	
14400	
14531.2	
14640	
14739.2	
14598.4	
14617.6	
14601.6	
14547.2	
14691.2	
14816	
15068.8	
15155.2	
15110.4	
14755.2	
14649.6	
14691.2	
14646.4	
14652.8	
14713.6	
14646.4	
14780.8	
14713.6	
14608	
14505.6	
14505.6	
14563.2	
14697.6	
14758.4	
14816	
14816	
14908.8	
14985.6	
14956.8	
15004.8	
15056	
15145.6	
14979.2	
14768	
14803.2	
14793.6	
14860.8	
14809.6	
14713.6	
14624	
14534.4	
14659.2	
14710.4	
14697.6	
14873.6	
14803.2	
14867.2	
14985.6	
15081.6	
14950.4	
14905.6	
14956.8	
15056	
14969.6	
14876.8	
15036.8	
15020.8	
14921.6	
14960	
14969.6	
15072	
15148.8	
15084.8	
15216	
15238.4	
15056	
15190.4	
15315.2	
15113.6	
15008	
15017.6	
15043.2	
15139.2	
15104	
14960	
14886.4	
14992	
15104	
15062.4	
15136	
14995.2	
14838.4	
14649.6	
14835.2	
14720	
14838.4	
14908.8	
14934.4	
15017.6	
15056	
15059.2	
15027.2	
15040	
14998.4	
14924.8	
15056	
15216	
15094.4	
15068.8	
15139.2	
14972.8	
14844.8	
14800	
14745.6	
14774.4	
14825.6	
14748.8	
14652.8	
14614.4	
14803.2	
14745.6	
14873.6	
14944	
14985.6	
14688	
14688	
14838.4	
14816	
14777.6	
14793.6	
14825.6	
14774.4	
14816	
14688	
14566.4	
14502.4	
14540.8	
14560	
14544	
14755.2	
14819.2	
14832	
14844.8	
14953.6	
14969.6	
15113.6	
14896	
14915.2	
14761.6	
14841.6	
14774.4	
14710.4	
14620.8	
14780.8	
14678.4	
14678.4	
14691.2	
14752	
14934.4	
14902.4	
14912	
15024	
14979.2	
14889.6	
15011.2	
15040	
14950.4	
14880	
14796.8	
14822.4	
14825.6	
15059.2	
15059.2	
15113.6	
15200	
15292.8	
15168	
15116.8	
15084.8	
14896	
14870.4	
14889.6	
14934.4	
14790.4	
14956.8	
15040	
15152	
15056	
14969.6	
14924.8	
14652.8	
14844.8	
14784	
14656	
14835.2	
14972.8	
15030.4	
14915.2	
14940.8	
15046.4	
14848	
14848	
15040	
15020.8	
15030.4	
15036.8	
14982.4	
15129.6	
15062.4	
14966.4	
14896	
14841.6	
14662.4	
14812.8	
14803.2	
14905.6	
14915.2	
14860.8	
14796.8	
14886.4	
14819.2	
14838.4	
14764.8	
14777.6	
14755.2	
14828.8	
14832	
14800	
14748.8	
14825.6	
14768	
14745.6	
14998.4	
15078.4	
15033.6	
14915.2	
14976	
14944	
15040	
15123.2	
15030.4	
14972.8	
14934.4	
14883.2	
15043.2	
14931.2	
14908.8	
15104	
14880	
14809.6	
14892.8	
14819.2	
14905.6	
14896	
15017.6	
14899.2	
14860.8	
14774.4	
14729.6	
14617.6	
14480	
14515.2	
14505.6	
14483.2	
14566.4	
14608	
14563.2	
14633.6	
14723.2	
14684.8	
14684.8	
14566.4	
14614.4	
14678.4	
14688	
14819.2	
14713.6	
14691.2	
14867.2	
14736	
14672	
14678.4	
14643.2	
14576	
14553.6	
14844.8	
14870.4	
14931.2	
15046.4	
15097.6	
14947.2	
14992	
14844.8	
15120	
15171.2	
15264	
15187.2	
15164.8	
15036.8	
15033.6	
15046.4	
15033.6	
14953.6	
15088	
15011.2	
14940.8	
14937.6	
14976	
15168	
14995.2	
14892.8	
14806.4	
14665.6	
14681.6	
14745.6	
14614.4	
14566.4	
14524.8	
14355.2	
14563.2	
14592	
14614.4	
14499.2	
14534.4	
14617.6	
14640	
14486.4	
14406.4	
14649.6	
14662.4	
14716.8	
14857.6	
14803.2	
14918.4	
14963.2	
15046.4	
14972.8	
15030.4	
15043.2	
14860.8	
14928	
15084.8	
15030.4	
15097.6	
14912	
14947.2	
14985.6	
15104	
15094.4	
15132.8	
15193.6	
15209.6	
15219.2	
14995.2	
15072	
15187.2	
15168	
14995.2	
14956.8	
15024	
15004.8	
15136	
15248	
15315.2	
15113.6	
15088	
14947.2	
15081.6	
15187.2	
15280	
15187.2	
15008	
14896	
14780.8	
14915.2	
14838.4	
14812.8	
14684.8	
14905.6	
15145.6	
15132.8	
15196.8	
15094.4	
14995.2	
15046.4	
15027.2	
15017.6	
15011.2	
15011.2	
15139.2	
15091.2	
15033.6	
14918.4	
15049.6	
15107.2	
15065.6	
15100.8	
15177.6	
15216	
15283.2	
15328	
15340.8	
15376	
15257.6	
15171.2	
15206.4	
14940.8	
14796.8	
14684.8	
14832	
14745.6	
14870.4	
14956.8	
15004.8	
15129.6	
14979.2	
15049.6	
15046.4	
15072	
15094.4	
15020.8	
15094.4	
14979.2	
14889.6	
14931.2	
14844.8	
14787.2	
14819.2	
14892.8	
14963.2	
14835.2	
15014.4	
14867.2	
14940.8	
15011.2	
14870.4	
14966.4	
14684.8	
14704	
14777.6	
14880	
14816	
14928	
14780.8	
15065.6	
15152	
14982.4	
15043.2	
14924.8	
14892.8	
14857.6	
14905.6	
14892.8	
14809.6	
14806.4	
14608	
14761.6	
14787.2	
14934.4	
14886.4	
14800	
15046.4	
14809.6	
14812.8	
14796.8	
14822.4	
14739.2	
14915.2	
14748.8	
14876.8	
14905.6	
14950.4	
14956.8	
15030.4	
14934.4	
14889.6	
14892.8	
14896	
14899.2	
14672	
14678.4	
14672	
14656	
14720	
14886.4	
14828.8	
14921.6	
14912	
14832	
14748.8	
14531.2	
14579.2	
14659.2	
14745.6	
14892.8	
14819.2	
14678.4	
14796.8	
14995.2	
15142.4	
14992	
14784	
14979.2	
14924.8	
14905.6	
15043.2	
15148.8	
15190.4	
15174.4	
15091.2	
15008	
14876.8	
14854.4	
15014.4	
15148.8	
15052.8	
14960	
15001.6	
15020.8	
14892.8	
15056	
14889.6	
14889.6	
14912	
15100.8	
15078.4	
15308.8	
15251.2	
15088	
15056	
14985.6	
14995.2	
14918.4	
14931.2	
15046.4	
14976	
14880	
14851.2	
14844.8	
14854.4	
14963.2	
14995.2	
15052.8	
15040	
15331.2	
15177.6	
15104	
14966.4	
15008	
14838.4	
14905.6	
15011.2	
14963.2	
15024	
15056	
14851.2	
15040	
14928	
15094.4	
14931.2	
15030.4	
15011.2	
14848	
14896	
14982.4	
15014.4	
14873.6	
14806.4	
14838.4	
14934.4	
14953.6	
15120	
15139.2	
14921.6	
14963.2	
15020.8	
15340.8	
15184	
15129.6	
15075.2	
15260.8	
15104	
15132.8	
15228.8	
15248	
15318.4	
15315.2	
15305.6	
15411.2	
15328	
15568	
15580.8	
15539.2	
15427.2	
15331.2	
15558.4	
15516.8	
15558.4	
15436.8	
15542.4	
15449.6	
15494.4	
15401.6	
15363.2	
15280	
15452.8	
15395.2	
15308.8	
15190.4	
15308.8	
15075.2	
15180.8	
15244.8	
15184	
15296	
15324.8	
15212.8	
15184	
15270.4	
15168	
15193.6	
15136	
15088	
15056	
14864	
14793.6	
14784	
14774.4	
14841.6	
15008	
14969.6	
14812.8	
14716.8	
14640	
14707.2	
14582.4	
14486.4	
14448	
14534.4	
14585.6	
14716.8	
14736	
14851.2	
14787.2	
14598.4	
14582.4	
14777.6	
15008	
15001.6	
15152	
14992	
15168	
14921.6	
14809.6	
14889.6	
14931.2	
14921.6	
14796.8	
14755.2	
14764.8	
14940.8	
14873.6	
14748.8	
14873.6	
14796.8	
14860.8	
14806.4	
15030.4	
15030.4	
14857.6	
14982.4	
14985.6	
14988.8	
14889.6	
14950.4	
15062.4	
14995.2	
15072	
15043.2	
15126.4	
14857.6	
14944	
14777.6	
14748.8	
14796.8	
14883.2	
15091.2	
15094.4	
15152	
15126.4	
15164.8	
15107.2	
15036.8	
14960	
14918.4	
15107.2	
15001.6	
14931.2	
14787.2	
14873.6	
14787.2	
14860.8	
14793.6	
14742.4	
14688	
14640	
14672	
14844.8	
14928	
14992	
14918.4	
14956.8	
14915.2	
14985.6	
14816	
14771.2	
14835.2	
14819.2	
14864	
14793.6	
14966.4	
15081.6	
15084.8	
14998.4	
14844.8	
14841.6	
14860.8	
14662.4	
14713.6	
14742.4	
14857.6	
14758.4	
14771.2	
14675.2	
14803.2	
14867.2	
14988.8	
14729.6	
14732.8	
14518.4	
14537.6	
14531.2	
14611.2	
14710.4	
14787.2	
14931.2	
14960	
14928	
14800	
14860.8	
14851.2	
14928	
15139.2	
15011.2	
15049.6	
14886.4	
14838.4	
14918.4	
14780.8	
14716.8	
14723.2	
14809.6	
14630.4	
14675.2	
14803.2	
14908.8	
14915.2	
14825.6	
14761.6	
14800	
14726.4	
14771.2	
14912	
14979.2	
14956.8	
14995.2	
15123.2	
14969.6	
14972.8	
14876.8	
14857.6	
14835.2	
14979.2	
14736	
14688	
14844.8	
14736	
14864	
14886.4	
14774.4	
14560	
14492.8	
14713.6	
14784	
14729.6	
14649.6	
14665.6	
14630.4	
14713.6	
14579.2	
14441.6	
14476.8	
14416	
14736	
14588.8	
14540.8	
14265.6	
14422.4	
14537.6	
14425.6	
14624	
14710.4	
14582.4	
14441.6	
14284.8	
14390.4	
14300.8	
14499.2	
14540.8	
14550.4	
14544	
14451.2	
14473.6	
14617.6	
14585.6	
14515.2	
14624	
14803.2	
14825.6	
15036.8	
15142.4	
14883.2	
14886.4	
14812.8	
14748.8	
14617.6	
14774.4	
14732.8	
14636.8	
14601.6	
14611.2	
14870.4	
14867.2	
14732.8	
14857.6	
14963.2	
15033.6	
14761.6	
14627.2	
14550.4	
14761.6	
14944	
14905.6	
14969.6	
15075.2	
15004.8	
14764.8	
14796.8	
14768	
14668.8	
14601.6	
14518.4	
14617.6	
14662.4	
14464	
14448	
14419.2	
14521.6	
14649.6	
14512	
14550.4	
14710.4	
14761.6	
14886.4	
14816	
14768	
14684.8	
14595.2	
14758.4	
14924.8	
14854.4	
14723.2	
14742.4	
14796.8	
14745.6	
14611.2	
14569.6	
14579.2	
14592	
14624	
14608	
14499.2	
14595.2	
14595.2	
14736	
14576	
14601.6	
14713.6	
14672	
14547.2	
14694.4	
14694.4	
14784	
14822.4	
14739.2	
14825.6	
14707.2	
14787.2	
14825.6	
