2300.8	
7651.2	
9420.8	
10476.8	
11206.4	
11916.8	
12112	
12342.4	
12374.4	
12585.6	
13036.8	
13123.2	
13193.6	
13068.8	
13360	
13424	
13500.8	
13788.8	
13875.2	
14080	
14096	
13875.2	
13760	
13916.8	
14035.2	
13980.8	
13990.4	
13990.4	
14060.8	
14169.6	
14224	
14361.6	
14249.6	
14288	
14230.4	
14080	
14144	
14102.4	
14140.8	
14134.4	
14214.4	
14256	
14441.6	
14259.2	
14217.6	
14204.8	
14105.6	
14032	
13913.6	
13939.2	
14179.2	
14089.6	
14105.6	
14259.2	
14470.4	
14393.6	
14396.8	
14419.2	
14390.4	
14473.6	
14563.2	
14480	
14604.8	
14601.6	
14588.8	
14428.8	
14553.6	
14368	
14502.4	
14528	
14598.4	
14604.8	
14608	
14588.8	
14672	
14678.4	
14553.6	
14467.2	
14473.6	
14563.2	
14726.4	
14825.6	
14796.8	
14656	
14704	
14771.2	
14819.2	
14678.4	
14704	
14684.8	
14691.2	
14892.8	
14998.4	
14931.2	
15056	
14924.8	
14672	
14636.8	
14576	
14620.8	
14704	
14716.8	
14816	
14726.4	
14601.6	
14604.8	
14780.8	
14822.4	
14668.8	
14537.6	
14665.6	
14688	
14643.2	
14771.2	
14809.6	
14793.6	
14825.6	
14838.4	
14732.8	
14857.6	
14915.2	
14755.2	
14745.6	
14905.6	
14780.8	
14758.4	
14774.4	
14742.4	
14713.6	
14704	
14796.8	
14684.8	
14716.8	
14876.8	
14982.4	
14803.2	
14854.4	
14617.6	
14528	
14598.4	
14524.8	
14640	
14777.6	
14681.6	
14697.6	
14752	
14883.2	
14963.2	
14928	
14844.8	
14864	
14688	
14630.4	
14742.4	
14659.2	
14748.8	
14710.4	
14771.2	
14566.4	
14464	
14438.4	
14592	
14505.6	
14640	
14604.8	
14467.2	
14656	
14761.6	
14694.4	
14742.4	
14614.4	
14544	
14515.2	
14745.6	
14713.6	
14704	
14608	
14576	
14480	
14323.2	
14368	
14540.8	
14588.8	
14502.4	
14304	
14179.2	
14393.6	
14483.2	
14598.4	
14534.4	
14550.4	
14601.6	
14630.4	
14787.2	
14931.2	
14796.8	
15068.8	
14864	
14659.2	
14409.6	
14563.2	
14563.2	
14534.4	
14707.2	
14726.4	
14707.2	
14729.6	
14745.6	
14668.8	
14742.4	
14912	
14934.4	
14915.2	
14803.2	
14620.8	
14854.4	
14700.8	
14748.8	
14950.4	
15027.2	
15113.6	
14928	
14960	
14844.8	
14956.8	
14889.6	
15008	
14896	
14812.8	
14969.6	
14742.4	
14857.6	
14860.8	
14972.8	
14870.4	
14873.6	
14848	
14880	
14780.8	
14841.6	
14800	
14710.4	
14918.4	
14870.4	
14944	
14835.2	
14812.8	
14806.4	
14944	
14966.4	
14880	
14918.4	
14947.2	
14902.4	
15024	
15020.8	
14963.2	
15043.2	
14886.4	
14931.2	
14969.6	
14851.2	
14969.6	
14931.2	
15033.6	
14899.2	
14864	
14806.4	
14790.4	
14902.4	
14723.2	
14793.6	
14880	
14844.8	
14880	
14928	
15011.2	
15056	
15027.2	
15206.4	
15203.2	
15276.8	
15075.2	
15075.2	
15142.4	
15184	
15126.4	
14979.2	
15116.8	
15136	
14992	
14982.4	
14982.4	
15056	
14985.6	
15062.4	
15081.6	
15014.4	
14972.8	
14992	
14937.6	
14969.6	
14972.8	
14835.2	
14646.4	
14710.4	
14812.8	
14921.6	
14688	
14710.4	
14713.6	
14489.6	
14566.4	
14585.6	
14588.8	
14608	
14572.8	
14819.2	
14844.8	
14726.4	
14672	
14777.6	
15033.6	
15091.2	
14944	
15033.6	
15097.6	
15008	
15084.8	
14998.4	
14953.6	
14902.4	
14880	
14960	
14902.4	
14873.6	
14835.2	
14758.4	
14688	
14662.4	
14486.4	
14512	
14467.2	
14499.2	
14617.6	
14662.4	
14771.2	
14790.4	
14745.6	
14739.2	
14681.6	
14761.6	
14729.6	
14675.2	
14604.8	
14809.6	
14812.8	
14841.6	
14880	
14953.6	
14825.6	
14918.4	
14729.6	
14668.8	
14739.2	
14659.2	
14668.8	
14640	
14697.6	
14704	
14604.8	
14454.4	
14454.4	
14524.8	
14774.4	
14713.6	
14524.8	
14544	
14416	
14371.2	
14364.8	
14608	
14777.6	
14704	
14707.2	
14592	
14576	
14515.2	
14547.2	
14636.8	
14739.2	
14774.4	
14579.2	
14716.8	
14617.6	
14585.6	
14585.6	
14499.2	
14502.4	
14668.8	
14652.8	
14540.8	
14515.2	
14435.2	
14528	
14579.2	
14636.8	
14700.8	
14700.8	
14652.8	
14595.2	
14521.6	
14470.4	
14320	
14358.4	
14486.4	
14572.8	
14633.6	
14547.2	
14416	
14432	
14326.4	
14406.4	
14700.8	
14774.4	
14665.6	
14768	
14643.2	
14572.8	
14496	
14486.4	
14342.4	
14553.6	
14646.4	
14793.6	
14828.8	
14777.6	
14755.2	
14819.2	
14835.2	
14915.2	
14736	
14908.8	
14873.6	
14800	
14816	
14742.4	
14640	
14953.6	
14812.8	
14681.6	
14848	
14777.6	
14982.4	
14972.8	
14873.6	
14918.4	
14860.8	
14880	
14684.8	
14592	
14624	
14665.6	
14720	
14630.4	
14720	
14700.8	
14553.6	
14697.6	
14787.2	
14796.8	
14960	
14800	
14848	
14697.6	
14723.2	
14822.4	
14848	
14832	
14803.2	
14960	
14828.8	
14739.2	
14886.4	
14640	
14787.2	
14742.4	
14707.2	
14691.2	
14681.6	
14723.2	
14816	
14630.4	
14742.4	
14780.8	
14588.8	
14793.6	
14896	
14883.2	
14928	
14892.8	
15052.8	
15126.4	
15222.4	
15283.2	
15472	
15427.2	
15353.6	
15129.6	
15251.2	
15052.8	
15027.2	
14825.6	
14844.8	
15017.6	
15049.6	
14940.8	
14953.6	
15104	
15059.2	
15126.4	
15107.2	
15008	
15027.2	
14982.4	
14944	
15024	
15334.4	
15420.8	
15526.4	
15366.4	
15196.8	
15235.2	
15196.8	
15161.6	
15193.6	
15148.8	
15056	
15139.2	
14972.8	
15072	
15068.8	
14902.4	
15030.4	
15040	
15104	
15030.4	
14979.2	
15209.6	
15260.8	
15286.4	
15260.8	
15145.6	
15056	
15315.2	
15296	
15177.6	
15046.4	
15072	
15043.2	
15088	
15072	
15094.4	
15177.6	
15126.4	
15232	
14992	
14976	
15049.6	
14988.8	
14876.8	
14870.4	
14886.4	
14816	
14896	
14790.4	
14822.4	
14806.4	
14838.4	
14905.6	
14860.8	
14915.2	
14851.2	
14966.4	
14944	
14924.8	
14816	
14880	
15107.2	
15145.6	
14969.6	
15004.8	
15059.2	
15097.6	
15100.8	
15142.4	
15043.2	
15075.2	
14950.4	
14966.4	
15081.6	
15078.4	
15024	
15068.8	
15020.8	
14985.6	
15011.2	
14902.4	
14886.4	
14880	
14857.6	
14992	
15196.8	
15104	
15059.2	
15052.8	
15139.2	
15024	
14924.8	
15097.6	
15196.8	
14969.6	
14944	
14992	
15094.4	
14940.8	
14969.6	
15072	
15056	
15068.8	
15052.8	
15078.4	
14992	
14976	
14972.8	
15030.4	
15020.8	
15180.8	
15075.2	
15088	
15308.8	
15276.8	
15401.6	
15376	
15536	
15411.2	
15350.4	
15158.4	
15193.6	
15180.8	
15081.6	
15020.8	
14924.8	
14992	
15148.8	
15033.6	
15059.2	
14956.8	
15142.4	
15116.8	
15158.4	
15104	
14953.6	
14953.6	
14902.4	
14979.2	
14880	
15104	
15145.6	
15097.6	
15088	
15177.6	
15161.6	
15059.2	
15273.6	
15283.2	
15244.8	
15305.6	
15136	
15046.4	
15190.4	
14915.2	
14982.4	
15104	
15027.2	
14915.2	
14979.2	
14944	
14947.2	
15040	
15068.8	
15158.4	
15049.6	
15008	
14793.6	
14726.4	
14761.6	
14880	
14876.8	
14838.4	
14761.6	
14921.6	
14982.4	
14988.8	
14816	
14924.8	
15033.6	
14940.8	
15040	
15040	
15152	
14857.6	
14963.2	
14985.6	
15040	
15132.8	
14976	
14864	
14720	
14892.8	
14892.8	
14969.6	
15008	
15084.8	
15011.2	
15075.2	
14972.8	
14886.4	
14940.8	
14950.4	
15072	
15075.2	
14953.6	
14944	
15049.6	
15068.8	
15097.6	
15084.8	
15052.8	
14876.8	
14950.4	
15004.8	
14889.6	
15033.6	
14966.4	
15043.2	
15212.8	
15401.6	
15312	
15238.4	
15110.4	
15017.6	
15001.6	
14899.2	
14793.6	
15008	
14889.6	
14924.8	
14748.8	
14656	
14668.8	
14819.2	
14889.6	
14876.8	
14915.2	
14886.4	
14835.2	
14806.4	
15017.6	
15129.6	
15180.8	
15171.2	
15257.6	
14988.8	
15030.4	
15046.4	
14918.4	
15129.6	
15040	
15001.6	
14902.4	
15004.8	
15033.6	
14864	
14777.6	
14825.6	
14624	
14352	
14400	
14537.6	
14537.6	
14540.8	
14400	
14451.2	
14649.6	
14595.2	
14553.6	
14608	
14592	
14745.6	
14883.2	
14918.4	
14998.4	
14835.2	
14806.4	
14588.8	
14547.2	
14720	
14758.4	
14883.2	
14870.4	
14988.8	
15107.2	
15078.4	
14982.4	
14902.4	
14736	
14739.2	
14832	
14748.8	
14646.4	
14825.6	
15072	
14803.2	
14790.4	
14761.6	
14713.6	
14848	
14806.4	
15049.6	
14934.4	
14982.4	
14870.4	
14838.4	
14835.2	
14678.4	
14736	
14764.8	
14780.8	
14620.8	
14656	
14668.8	
14755.2	
14908.8	
15049.6	
14928	
14851.2	
14902.4	
14793.6	
14688	
14780.8	
14764.8	
14716.8	
14560	
14739.2	
14729.6	
14742.4	
14713.6	
14688	
14825.6	
14816	
14768	
14579.2	
14435.2	
14544	
14489.6	
14448	
14492.8	
14368	
14432	
14476.8	
14467.2	
14534.4	
14416	
14406.4	
14304	
14336	
14320	
14224	
14240	
14326.4	
14368	
14361.6	
14297.6	
14304	
14262.4	
14169.6	
14342.4	
14246.4	
14294.4	
14300.8	
14371.2	
14480	
14502.4	
14515.2	
14675.2	
14678.4	
14531.2	
14512	
14630.4	
14777.6	
14905.6	
14838.4	
14921.6	
14793.6	
14537.6	
14633.6	
14569.6	
14646.4	
14969.6	
14560	
14633.6	
14627.2	
14540.8	
14576	
14633.6	
14476.8	
14540.8	
14595.2	
14483.2	
14579.2	
14697.6	
14777.6	
14883.2	
14716.8	
14819.2	
14672	
14643.2	
14710.4	
14678.4	
14809.6	
14841.6	
14803.2	
14864	
14825.6	
14982.4	
15036.8	
15075.2	
15046.4	
14928	
15184	
15206.4	
15171.2	
15046.4	
15136	
15113.6	
15184	
15097.6	
15260.8	
15132.8	
15017.6	
15011.2	
14835.2	
15017.6	
15113.6	
15024	
15068.8	
15011.2	
15088	
15190.4	
15027.2	
15040	
15116.8	
14848	
14841.6	
14934.4	
15046.4	
14966.4	
14972.8	
15030.4	
14940.8	
14828.8	
14934.4	
15036.8	
15139.2	
15065.6	
15164.8	
15104	
15136	
15145.6	
15043.2	
15107.2	
14956.8	
14777.6	
14896	
14851.2	
14828.8	
14889.6	
14899.2	
15001.6	
15008	
15030.4	
15008	
14777.6	
14940.8	
15078.4	
15200	
15094.4	
15046.4	
15065.6	
14822.4	
