2876	
10188	
12708	
14396	
15440	
16284	
16836	
17076	
17604	
18016	
18248	
18648	
18832	
18852	
19116	
19504	
19520	
19760	
19944	
19840	
19952	
20032	
19992	
20040	
20112	
20284	
20308	
20364	
20480	
20692	
20708	
20764	
20888	
21048	
21160	
21152	
21180	
21308	
21536	
21476	
21536	
21620	
21732	
21792	
21688	
21860	
21984	
21860	
22008	
21988	
22008	
22116	
22140	
22160	
22136	
22108	
22168	
22216	
22120	
22304	
22204	
22236	
22276	
22248	
22192	
22296	
22384	
22428	
22432	
22516	
22612	
22652	
22700	
22848	
22796	
22780	
22760	
22748	
22608	
22480	
22640	
22664	
22508	
22564	
22788	
22760	
22724	
22692	
22808	
22860	
22736	
22720	
22700	
22708	
22844	
22768	
22784	
22680	
22656	
22736	
22640	
22628	
22676	
22632	
22740	
22684	
22744	
22844	
22936	
22900	
23028	
22976	
23072	
23080	
23220	
23372	
23360	
23372	
23308	
23288	
23372	
23420	
23440	
23476	
23496	
23612	
23500	
23448	
23368	
23272	
23272	
23236	
23284	
23400	
23332	
23532	
23548	
23572	
23716	
23756	
23632	
23836	
23988	
23848	
23848	
23892	
23864	
23868	
23976	
23944	
24016	
24016	
23924	
23892	
23988	
23932	
23948	
23856	
23872	
23848	
23800	
23932	
23812	
23776	
23860	
23776	
23756	
23760	
23776	
23680	
23804	
24004	
24024	
23984	
23824	
23884	
23952	
23976	
23992	
23956	
23956	
23888	
23896	
23932	
23900	
23856	
23856	
24092	
24184	
24192	
24264	
24116	
24016	
24096	
23988	
24000	
24084	
24136	
24192	
24180	
24276	
24360	
24392	
24428	
24352	
24368	
24212	
24312	
24428	
24272	
24308	
24388	
24476	
24348	
24424	
24436	
24488	
24512	
24336	
24404	
24368	
24308	
24284	
24328	
24256	
24228	
24180	
24232	
24140	
24144	
24108	
24188	
24212	
24200	
24228	
24384	
24220	
24500	
24532	
24464	
24508	
24712	
24644	
24504	
24632	
24712	
24772	
24912	
24892	
24824	
24852	
24868	
24896	
24696	
24824	
24716	
24612	
24688	
24648	
24764	
24904	
24908	
24872	
24832	
24872	
24712	
24884	
24944	
24928	
24848	
24744	
24768	
24800	
24852	
24756	
24716	
24800	
24908	
24900	
24860	
24808	
24656	
24672	
24636	
24608	
24508	
24452	
24532	
24496	
24400	
24396	
24464	
24668	
24584	
24468	
24452	
24488	
24608	
24540	
24636	
24596	
24628	
24644	
24684	
24632	
24632	
24540	
24484	
24460	
24524	
24524	
24564	
24568	
24624	
24472	
24572	
24412	
24372	
24232	
24464	
24564	
24696	
24760	
24792	
24572	
24532	
24564	
24748	
24844	
24812	
24884	
24948	
25004	
24992	
25152	
25152	
24976	
25040	
25036	
25012	
24988	
24812	
24716	
24756	
24656	
24688	
24696	
24800	
24712	
24736	
24856	
24872	
24940	
24940	
24896	
24804	
24756	
24832	
24744	
24784	
24912	
25020	
25068	
24928	
24956	
24988	
25004	
25076	
25112	
25088	
25064	
25148	
25196	
25192	
25320	
25264	
25280	
25288	
25152	
25080	
25028	
25024	
24972	
25036	
25024	
25068	
25128	
25080	
25208	
25144	
25260	
25256	
25364	
25272	
25184	
25144	
25144	
25160	
25116	
25248	
25228	
25176	
25248	
25364	
25400	
25392	
25284	
25280	
25280	
25412	
25440	
25412	
25440	
25544	
25504	
25536	
25536	
25452	
25516	
25640	
25608	
25536	
25516	
25356	
25324	
25312	
25312	
25080	
25048	
25260	
25208	
25176	
25252	
25264	
25156	
25224	
25196	
25276	
25208	
25156	
25136	
25308	
25400	
25372	
25308	
25356	
25388	
25384	
25404	
25360	
25356	
25520	
25524	
25436	
25436	
25444	
25520	
25504	
25484	
25568	
25428	
25336	
25256	
25296	
25336	
25416	
25408	
25500	
25576	
25568	
25396	
25496	
25436	
25476	
25516	
25596	
25652	
25536	
25584	
25668	
25668	
25668	
25768	
25724	
25796	
25716	
25740	
25804	
25900	
25832	
25784	
25692	
25792	
25776	
25876	
25996	
25916	
26040	
25940	
25976	
25984	
25996	
26012	
26048	
25932	
25904	
25892	
25808	
25656	
25748	
25740	
25748	
25780	
25776	
25820	
25624	
25512	
25648	
25588	
25556	
25612	
25636	
25512	
25472	
25420	
25584	
25764	
25792	
25712	
25708	
25648	
25600	
25548	
25528	
25496	
25528	
25464	
25512	
25460	
25576	
25500	
25596	
25584	
25632	
25552	
25508	
25564	
25528	
25556	
25608	
25668	
25584	
25508	
25440	
25516	
25528	
25536	
25652	
25616	
25684	
25616	
25588	
25660	
25680	
25732	
25664	
25800	
25760	
25756	
25684	
25676	
25652	
25764	
25764	
25916	
25880	
25876	
25844	
25896	
26000	
25912	
25932	
25880	
25876	
25868	
25676	
25604	
25736	
25740	
25680	
25684	
25612	
25684	
25724	
25628	
25504	
25528	
25544	
25568	
25448	
25504	
25352	
25404	
25428	
25360	
25408	
25436	
25488	
25644	
25644	
25548	
25464	
25380	
25472	
25468	
25488	
25612	
25672	
25540	
25664	
25556	
25488	
25496	
25516	
25432	
25572	
25548	
25532	
25536	
25468	
25456	
25452	
25476	
25492	
25420	
25280	
25460	
25636	
25608	
25568	
25612	
25496	
25444	
25432	
25340	
25320	
25472	
25544	
25648	
25716	
25688	
25768	
25804	
25884	
25872	
25732	
25696	
25556	
25564	
25532	
25488	
25648	
25636	
25664	
25728	
25676	
25644	
25548	
25648	
25612	
25508	
25452	
25432	
25492	
25536	
25508	
25676	
25640	
25692	
25692	
25616	
25844	
25876	
25884	
25820	
25704	
25692	
25676	
25540	
25520	
25704	
25624	
25652	
25764	
25832	
25716	
25748	
25700	
25600	
25604	
25588	
25672	
25872	
25864	
25936	
26004	
25864	
25704	
25664	
25632	
25704	
25732	
25672	
25596	
25604	
25636	
25728	
25772	
25796	
25812	
25816	
25876	
25800	
25752	
25772	
25684	
25644	
25660	
25748	
25752	
25884	
25812	
25668	
25652	
25604	
25616	
25640	
25648	
25768	
25716	
25628	
25584	
25524	
25636	
25588	
25556	
25456	
25408	
25308	
25288	
25368	
25364	
25428	
25468	
25404	
25496	
25484	
25396	
25508	
25500	
25544	
25652	
25600	
25632	
25556	
25712	
25724	
25744	
25780	
25840	
25808	
25768	
25688	
25672	
25700	
25700	
25660	
25696	
25732	
25708	
25600	
25616	
25572	
25540	
25528	
25468	
25620	
25596	
25620	
25492	
25460	
25656	
25600	
25652	
25732	
25884	
25836	
25832	
25800	
25808	
25756	
25612	
25720	
25804	
25924	
25808	
25832	
25752	
25716	
25648	
25760	
25748	
25832	
25768	
25768	
25844	
25804	
25900	
25852	
25800	
25800	
25828	
25844	
25628	
25552	
25552	
25508	
25520	
25464	
25484	
25600	
25660	
25676	
25556	
25536	
25504	
25524	
25620	
25600	
25556	
25620	
25536	
25648	
25668	
25528	
25548	
25648	
25716	
25744	
25720	
25640	
25644	
25584	
25608	
25520	
25500	
25520	
25668	
25632	
25584	
25620	
25780	
25736	
25632	
25524	
25520	
25524	
25536	
25632	
25524	
25608	
25660	
25716	
25672	
25788	
25868	
25896	
25972	
25888	
25732	
25808	
25892	
25928	
25920	
25740	
25684	
25680	
25688	
25756	
25684	
25604	
25536	
25608	
25604	
25536	
25684	
25716	
25756	
25768	
25772	
25844	
25928	
25900	
25744	
25816	
25688	
25604	
25568	
25556	
25628	
25688	
25688	
25784	
25708	
25716	
25880	
25856	
25888	
26008	
25996	
26024	
26076	
26000	
25992	
25932	
25828	
25960	
25984	
25912	
25988	
26076	
26048	
26016	
26024	
26144	
25992	
26072	
26004	
26008	
25996	
25988	
25996	
25940	
25884	
25788	
25908	
25932	
25980	
25972	
26004	
25836	
25864	
25852	
25988	
25992	
26064	
26060	
26028	
26124	
26016	
25920	
25952	
25984	
25952	
25912	
25988	
26004	
26028	
26200	
26248	
26236	
26356	
26244	
26212	
26292	
26324	
26316	
26308	
26304	
26268	
26308	
26200	
26176	
26064	
26048	
25908	
26024	
26020	
25968	
25888	
25816	
25900	
25928	
26032	
26060	
26048	
26008	
26088	
26112	
26072	
26188	
