3451.2	
12513.6	
15638.4	
17496	
18734.4	
19972.8	
20798.4	
21595.2	
22219.2	
22656	
23227.2	
23625.6	
23947.2	
24331.2	
24700.8	
24840	
25027.2	
25238.4	
25464	
25569.6	
25718.4	
25886.4	
26073.6	
26184	
26208	
26347.2	
26486.4	
26640	
26817.6	
26832	
26812.8	
26985.6	
26985.6	
27096	
27302.4	
27312	
27374.4	
27470.4	
27523.2	
27494.4	
27547.2	
27523.2	
27763.2	
27787.2	
27960	
28152	
28219.2	
28276.8	
28286.4	
28310.4	
28267.2	
28272	
28358.4	
28651.2	
28574.4	
28540.8	
28598.4	
28507.2	
28612.8	
28627.2	
28756.8	
28838.4	
29030.4	
29078.4	
29092.8	
29083.2	
29150.4	
29256	
29318.4	
29438.4	
29347.2	
29414.4	
29304	
29505.6	
29457.6	
29433.6	
29544	
29529.6	
29558.4	
29640	
29481.6	
29476.8	
29500.8	
29491.2	
29462.4	
29553.6	
29548.8	
29851.2	
29832	
29784	
29803.2	
29808	
29908.8	
29952	
30024	
29976	
30014.4	
30057.6	
30086.4	
30196.8	
30110.4	
30158.4	
30187.2	
30211.2	
30249.6	
30283.2	
30360	
30355.2	
30369.6	
30379.2	
30326.4	
30446.4	
30436.8	
30336	
30388.8	
30480	
30528	
30542.4	
30676.8	
30648	
30648	
30604.8	
30676.8	
30672	
30700.8	
30806.4	
30696	
30724.8	
30782.4	
30748.8	
30686.4	
30734.4	
30748.8	
30710.4	
30681.6	
30604.8	
30720	
30681.6	
30758.4	
30710.4	
30729.6	
30806.4	
30892.8	
30945.6	
30931.2	
31003.2	
31147.2	
31089.6	
31113.6	
31161.6	
31147.2	
31056	
31003.2	
31012.8	
31070.4	
30984	
30912	
30988.8	
31080	
31017.6	
31108.8	
31070.4	
31171.2	
31128	
31036.8	
31123.2	
31104	
31123.2	
31065.6	
31099.2	
31281.6	
31320	
31368	
31411.2	
31411.2	
31473.6	
31478.4	
31459.2	
31406.4	
31459.2	
31502.4	
31454.4	
31488	
31531.2	
31531.2	
31416	
31377.6	
31281.6	
31348.8	
31353.6	
31420.8	
31473.6	
31540.8	
31569.6	
31492.8	
31454.4	
31459.2	
31339.2	
31425.6	
31464	
31560	
31593.6	
31579.2	
31627.2	
31617.6	
31641.6	
31603.2	
31761.6	
31819.2	
31852.8	
31800	
31905.6	
31977.6	
31963.2	
31948.8	
31900.8	
31915.2	
31838.4	
31814.4	
31761.6	
31867.2	
31848	
31852.8	
31828.8	
31838.4	
31852.8	
31881.6	
31982.4	
32006.4	
31929.6	
31972.8	
31924.8	
31900.8	
31968	
31929.6	
31972.8	
32035.2	
32054.4	
32016	
32097.6	
32217.6	
32260.8	
32318.4	
32313.6	
32299.2	
32313.6	
32246.4	
32260.8	
32217.6	
32208	
32160	
32280	
32217.6	
32208	
32270.4	
32150.4	
32136	
32121.6	
32174.4	
32169.6	
32246.4	
32318.4	
32342.4	
32361.6	
32385.6	
32409.6	
32414.4	
32371.2	
32361.6	
32352	
32414.4	
32337.6	
32337.6	
32443.2	
32443.2	
32491.2	
32467.2	
32529.6	
32472	
32443.2	
32414.4	
32433.6	
32424	
32352	
32404.8	
32467.2	
32424	
32486.4	
32548.8	
32443.2	
32467.2	
32371.2	
32251.2	
32380.8	
32424	
32476.8	
32467.2	
32500.8	
32385.6	
32284.8	
32308.8	
32428.8	
32409.6	
32462.4	
32467.2	
32515.2	
32558.4	
32404.8	
32529.6	
32601.6	
32668.8	
32678.4	
32716.8	
32640	
32592	
32644.8	
32673.6	
32668.8	
32721.6	
32745.6	
32640	
32688	
32712	
32716.8	
32721.6	
32716.8	
32702.4	
32755.2	
32846.4	
32865.6	
32827.2	
32889.6	
32817.6	
32808	
32721.6	
32769.6	
32764.8	
32736	
32760	
32750.4	
32870.4	
32788.8	
32793.6	
32884.8	
32899.2	
32971.2	
32822.4	
32817.6	
32822.4	
32731.2	
32721.6	
32788.8	
32812.8	
32918.4	
32947.2	
32923.2	
32875.2	
32884.8	
32880	
32841.6	
32846.4	
32832	
32846.4	
32908.8	
32880	
32889.6	
32928	
32860.8	
32774.4	
32803.2	
32716.8	
32688	
32644.8	
32635.2	
32630.4	
32601.6	
32568	
32534.4	
32491.2	
32568	
32568	
32640	
32673.6	
32712	
32721.6	
32755.2	
32764.8	
32716.8	
32664	
32664	
32692.8	
32769.6	
32774.4	
32812.8	
32803.2	
32798.4	
32736	
32798.4	
32678.4	
32668.8	
32832	
32788.8	
32664	
32630.4	
32625.6	
32625.6	
32644.8	
32726.4	
32745.6	
32625.6	
32620.8	
32697.6	
32664	
32721.6	
32654.4	
32721.6	
32640	
32688	
32640	
32697.6	
32635.2	
32630.4	
32625.6	
32577.6	
32592	
32644.8	
32707.2	
32731.2	
32731.2	
32827.2	
32860.8	
32870.4	
32875.2	
32937.6	
32918.4	
32860.8	
32865.6	
32865.6	
32784	
32865.6	
32947.2	
32928	
32913.6	
32942.4	
32899.2	
32952	
32947.2	
32875.2	
32889.6	
32856	
32803.2	
32760	
32692.8	
32779.2	
32736	
32774.4	
32769.6	
32851.2	
32841.6	
32899.2	
32908.8	
32899.2	
32961.6	
33076.8	
33009.6	
33004.8	
32952	
32971.2	
32961.6	
32985.6	
33000	
33072	
33091.2	
33076.8	
33019.2	
33048	
33009.6	
32976	
32961.6	
33028.8	
33033.6	
33057.6	
33038.4	
32971.2	
33033.6	
32947.2	
33033.6	
32985.6	
33057.6	
33028.8	
32956.8	
33091.2	
33196.8	
33148.8	
33115.2	
33158.4	
33139.2	
33240	
33144	
33254.4	
33297.6	
33268.8	
33307.2	
33369.6	
33432	
33398.4	
33364.8	
33340.8	
33388.8	
33326.4	
33412.8	
33475.2	
33484.8	
33451.2	
33384	
33360	
33393.6	
33336	
33364.8	
33288	
33350.4	
33345.6	
33379.2	
33302.4	
33292.8	
33201.6	
33249.6	
33264	
33249.6	
33240	
33129.6	
33091.2	
33158.4	
33201.6	
33230.4	
33211.2	
33292.8	
33240	
33201.6	
33206.4	
33201.6	
33100.8	
33196.8	
33081.6	
33043.2	
33091.2	
33182.4	
33264	
33283.2	
33302.4	
33206.4	
33177.6	
33201.6	
33283.2	
33288	
33249.6	
33268.8	
33268.8	
33364.8	
33345.6	
33336	
33292.8	
33192	
33163.2	
33139.2	
33120	
33115.2	
33086.4	
33052.8	
33081.6	
33177.6	
33139.2	
33158.4	
33163.2	
33206.4	
33182.4	
33254.4	
33240	
33196.8	
33259.2	
33235.2	
33220.8	
33192	
33220.8	
33182.4	
33288	
33124.8	
33259.2	
33297.6	
33321.6	
33268.8	
33288	
33307.2	
33360	
33331.2	
33345.6	
33345.6	
33268.8	
33316.8	
33254.4	
33273.6	
33283.2	
33307.2	
33384	
33398.4	
33364.8	
33307.2	
33326.4	
33360	
33384	
33350.4	
33264	
33187.2	
33163.2	
33067.2	
33096	
33105.6	
33091.2	
33177.6	
33148.8	
33139.2	
33091.2	
33081.6	
33230.4	
33316.8	
33220.8	
33225.6	
33302.4	
33182.4	
33206.4	
33177.6	
33216	
33182.4	
33192	
33240	
33288	
33336	
33331.2	
33321.6	
33350.4	
33355.2	
33307.2	
33360	
33364.8	
33432	
33504	
33580.8	
33624	
33614.4	
33576	
33532.8	
33489.6	
33446.4	
33532.8	
33528	
33504	
33508.8	
33475.2	
33451.2	
33384	
33393.6	
33321.6	
33297.6	
33312	
33225.6	
33326.4	
33364.8	
33355.2	
33422.4	
33244.8	
33288	
33288	
33302.4	
33182.4	
33230.4	
33240	
33273.6	
33384	
33441.6	
33556.8	
33542.4	
33537.6	
33470.4	
33460.8	
33518.4	
33523.2	
33537.6	
33566.4	
33513.6	
33556.8	
33561.6	
33518.4	
33504	
33480	
33566.4	
33600	
33571.2	
33552	
33585.6	
33652.8	
33537.6	
33580.8	
33604.8	
33580.8	
33600	
33628.8	
33681.6	
33729.6	
33638.4	
33609.6	
33672	
33590.4	
33528	
33600	
33580.8	
33600	
33561.6	
33561.6	
33537.6	
33552	
33480	
33417.6	
33403.2	
33403.2	
33393.6	
33369.6	
33331.2	
33235.2	
33225.6	
33283.2	
33374.4	
33292.8	
33259.2	
33297.6	
33355.2	
33384	
33388.8	
33384	
33436.8	
33484.8	
33499.2	
33580.8	
33648	
33571.2	
33532.8	
33489.6	
33470.4	
33336	
33460.8	
33513.6	
33460.8	
33412.8	
33432	
33480	
33528	
33585.6	
33484.8	
33523.2	
33600	
33600	
33566.4	
33580.8	
33609.6	
33696	
33691.2	
33691.2	
33700.8	
33710.4	
33619.2	
33600	
33643.2	
33600	
33590.4	
33585.6	
33561.6	
33628.8	
33681.6	
33609.6	
33648	
33633.6	
33638.4	
33619.2	
33624	
33619.2	
33528	
33456	
33484.8	
33576	
33566.4	
33633.6	
33571.2	
33571.2	
33585.6	
33662.4	
33734.4	
33744	
33720	
33676.8	
33648	
33652.8	
33672	
33633.6	
33638.4	
33652.8	
33643.2	
33657.6	
33744	
33720	
33715.2	
33667.2	
33657.6	
33691.2	
33691.2	
33672	
33667.2	
33672	
33614.4	
33667.2	
33528	
33561.6	
33628.8	
33580.8	
33484.8	
33494.4	
33513.6	
33475.2	
33499.2	
33451.2	
33379.2	
33331.2	
33268.8	
33283.2	
33235.2	
33192	
33249.6	
33201.6	
33158.4	
33139.2	
33144	
33100.8	
33168	
33134.4	
33134.4	
33134.4	
33139.2	
33129.6	
33216	
33283.2	
33417.6	
33417.6	
33384	
33403.2	
33321.6	
33379.2	
33427.2	
33436.8	
33513.6	
33475.2	
33585.6	
33604.8	
33609.6	
33672	
33552	
33561.6	
33537.6	
33552	
33552	
33547.2	
33499.2	
33441.6	
33513.6	
33456	
33441.6	
33460.8	
33513.6	
33513.6	
33494.4	
33417.6	
33403.2	
33528	
33532.8	
33508.8	
33504	
33604.8	
33566.4	
33585.6	
33652.8	
33681.6	
33676.8	
33667.2	
33633.6	
33696	
33734.4	
33715.2	
33758.4	
33758.4	
33748.8	
33806.4	
33753.6	
33734.4	
33787.2	
33710.4	
33705.6	
33686.4	
33619.2	
33585.6	
33585.6	
33619.2	
33662.4	
33676.8	
33667.2	
33571.2	
33580.8	
33638.4	
33585.6	
33590.4	
33585.6	
33571.2	
33633.6	
33600	
33624	
33652.8	
33758.4	
33734.4	
33772.8	
33816	
33816	
33854.4	
33849.6	
33916.8	
33936	
33916.8	
33897.6	
33873.6	
33873.6	
33859.2	
33936	
33950.4	
33907.2	
33878.4	
33907.2	
33936	
33849.6	
33921.6	
33868.8	
33926.4	
33897.6	
33792	
33792	
33734.4	
33792	
33763.2	
33864	
33888	
33873.6	
33897.6	
33897.6	
33859.2	
33960	
33969.6	
33988.8	
33849.6	
33835.2	
33849.6	
33854.4	
33835.2	
33840	
33777.6	
33849.6	
33796.8	
33820.8	
33888	
33916.8	
33940.8	
33955.2	
34008	
34051.2	
34147.2	
34171.2	
34128	
34137.6	
34200	
34272	
34291.2	
34262.4	
34272	
34276.8	
34113.6	
34017.6	
33950.4	
33979.2	
34017.6	
34012.8	
34003.2	
34080	
34132.8	
34142.4	
34084.8	
34041.6	
34041.6	
34056	
