3451.2	
12513.6	
15638.4	
17496	
18734.4	
19972.8	
20798.4	
21595.2	
22219.2	
22656	
23227.2	
23625.6	
23947.2	
24331.2	
24700.8	
24840	
25027.2	
25238.4	
25464	
25569.6	
25718.4	
25886.4	
26073.6	
26184	
26208	
26347.2	
26486.4	
26640	
26817.6	
26832	
26812.8	
26985.6	
26985.6	
27096	
27302.4	
27312	
27374.4	
27470.4	
27523.2	
27494.4	
27547.2	
27523.2	
27763.2	
27787.2	
27960	
28152	
28219.2	
28276.8	
28286.4	
28310.4	
28267.2	
28272	
28358.4	
28651.2	
28574.4	
28540.8	
28598.4	
28507.2	
28612.8	
28627.2	
28756.8	
28838.4	
29030.4	
29078.4	
29092.8	
29083.2	
29150.4	
29256	
29318.4	
29438.4	
29347.2	
29414.4	
29304	
29505.6	
29457.6	
29433.6	
29544	
29529.6	
29558.4	
29640	
29481.6	
29476.8	
29500.8	
29491.2	
29462.4	
29553.6	
29548.8	
29851.2	
29832	
29784	
29803.2	
29808	
29908.8	
29952	
30024	
29976	
30014.4	
30057.6	
30086.4	
30196.8	
30110.4	
30158.4	
30187.2	
30211.2	
30249.6	
30283.2	
30360	
30355.2	
30369.6	
30379.2	
30326.4	
30446.4	
30436.8	
30336	
30388.8	
30480	
30528	
30542.4	
30676.8	
30648	
30648	
30604.8	
30676.8	
30672	
30700.8	
30806.4	
30696	
30724.8	
30782.4	
30748.8	
30686.4	
30734.4	
30748.8	
30710.4	
30681.6	
30604.8	
30720	
30681.6	
30758.4	
30710.4	
30729.6	
30806.4	
30892.8	
30945.6	
30931.2	
31003.2	
31147.2	
31089.6	
31113.6	
31161.6	
31147.2	
31056	
31003.2	
31012.8	
31070.4	
30984	
30912	
30988.8	
31080	
31017.6	
31108.8	
31070.4	
31171.2	
31128	
31036.8	
31123.2	
31104	
31123.2	
31065.6	
31099.2	
31281.6	
31320	
31368	
31411.2	
31411.2	
31473.6	
31478.4	
31459.2	
31406.4	
31459.2	
31502.4	
31454.4	
31488	
31531.2	
31531.2	
31416	
31377.6	
31281.6	
31348.8	
31353.6	
31420.8	
31473.6	
31540.8	
31569.6	
31492.8	
31454.4	
31459.2	
31339.2	
31425.6	
31464	
31560	
31593.6	
31579.2	
31627.2	
31617.6	
31641.6	
31603.2	
31761.6	
31819.2	
31852.8	
31800	
31905.6	
31977.6	
31963.2	
31948.8	
31900.8	
31915.2	
31838.4	
31814.4	
31761.6	
31867.2	
31848	
31852.8	
31828.8	
31838.4	
31852.8	
31881.6	
31982.4	
32006.4	
31929.6	
31972.8	
31924.8	
31900.8	
31968	
31929.6	
31972.8	
32035.2	
32054.4	
32016	
32097.6	
32217.6	
32260.8	
32318.4	
32313.6	
32299.2	
32313.6	
32246.4	
32260.8	
32217.6	
32208	
32160	
32280	
32217.6	
32208	
32270.4	
32150.4	
32136	
32121.6	
32174.4	
32169.6	
32246.4	
32318.4	
32342.4	
32361.6	
32385.6	
32409.6	
32414.4	
32371.2	
32361.6	
32352	
32414.4	
32337.6	
32337.6	
32443.2	
32443.2	
32491.2	
32467.2	
32529.6	
32472	
32443.2	
32414.4	
32433.6	
32424	
32352	
32404.8	
32467.2	
32424	
32486.4	
32548.8	
32443.2	
32467.2	
32371.2	
32251.2	
32380.8	
32424	
32476.8	
32467.2	
32500.8	
32385.6	
32284.8	
32308.8	
32428.8	
32409.6	
32462.4	
32467.2	
32515.2	
32558.4	
32404.8	
32529.6	
32601.6	
32668.8	
32678.4	
32716.8	
32640	
32592	
32644.8	
32673.6	
32668.8	
32721.6	
32745.6	
32640	
32688	
32712	
32716.8	
32721.6	
32716.8	
32702.4	
32755.2	
32846.4	
32865.6	
32827.2	
32889.6	
32817.6	
32808	
32721.6	
32769.6	
32764.8	
32736	
32760	
32750.4	
32870.4	
32788.8	
32793.6	
32884.8	
32899.2	
32971.2	
32822.4	
32817.6	
32822.4	
32731.2	
32721.6	
32788.8	
32812.8	
32918.4	
32947.2	
32923.2	
32875.2	
32884.8	
32880	
32841.6	
32846.4	
32832	
32846.4	
32908.8	
32880	
32889.6	
32928	
32860.8	
32774.4	
32803.2	
32716.8	
32688	
32644.8	
32635.2	
32630.4	
32601.6	
32568	
32534.4	
32491.2	
32568	
32568	
32640	
32673.6	
32712	
32721.6	
32755.2	
32764.8	
32716.8	
32664	
32664	
32692.8	
32769.6	
32774.4	
32812.8	
32803.2	
32798.4	
32736	
32798.4	
32678.4	
32668.8	
32832	
32788.8	
32664	
32630.4	
32625.6	
32625.6	
32644.8	
32726.4	
32745.6	
32625.6	
32620.8	
32697.6	
32664	
32721.6	
32654.4	
32721.6	
32640	
32688	
32640	
32697.6	
32635.2	
32630.4	
32625.6	
32577.6	
32592	
32644.8	
32707.2	
32731.2	
32731.2	
32827.2	
32860.8	
32870.4	
32875.2	
32937.6	
32918.4	
32860.8	
32865.6	
32865.6	
32784	
32865.6	
32947.2	
32928	
32913.6	
32942.4	
32899.2	
32952	
32947.2	
32875.2	
32889.6	
32856	
32803.2	
32760	
32692.8	
32779.2	
32736	
32774.4	
32769.6	
32851.2	
32841.6	
32899.2	
32908.8	
32899.2	
32961.6	
33076.8	
33009.6	
33004.8	
32952	
32971.2	
32961.6	
32985.6	
33000	
33072	
33091.2	
33076.8	
33019.2	
33048	
33009.6	
32976	
32961.6	
33028.8	
33033.6	
33057.6	
33038.4	
32971.2	
33033.6	
32947.2	
33033.6	
32985.6	
33057.6	
33028.8	
32956.8	
33091.2	
33196.8	
33148.8	
33115.2	
33158.4	
33139.2	
33240	
33144	
33254.4	
33297.6	
33268.8	
33307.2	
33369.6	
33432	
33398.4	
33364.8	
33340.8	
33388.8	
33326.4	
33412.8	
33475.2	
33484.8	
33451.2	
33384	
33360	
33393.6	
33336	
33364.8	
33288	
33350.4	
33345.6	
33379.2	
33302.4	
33292.8	
33201.6	
33249.6	
33264	
33249.6	
33240	
33129.6	
33091.2	
33158.4	
33201.6	
33230.4	
33211.2	
33292.8	
33240	
33201.6	
33206.4	
33201.6	
33100.8	
33196.8	
33081.6	
33043.2	
33091.2	
33182.4	
33264	
33283.2	
33302.4	
33206.4	
33177.6	
33201.6	
33283.2	
33288	
33249.6	
33268.8	
33268.8	
33364.8	
33345.6	
33336	
33292.8	
33192	
33163.2	
33139.2	
33120	
33115.2	
33086.4	
33052.8	
33081.6	
33177.6	
33139.2	
33158.4	
33163.2	
33206.4	
33182.4	
33254.4	
33240	
33196.8	
33259.2	
33235.2	
33220.8	
33192	
33220.8	
33182.4	
33288	
33124.8	
33259.2	
33297.6	
33321.6	
33268.8	
33288	
33307.2	
33360	
33331.2	
33345.6	
33345.6	
33268.8	
33316.8	
33254.4	
33273.6	
33283.2	
33307.2	
33384	
33398.4	
33364.8	
33307.2	
33326.4	
33360	
33384	
33350.4	
33264	
33187.2	
33163.2	
33067.2	
33096	
33105.6	
33091.2	
33177.6	
33148.8	
33139.2	
33091.2	
33081.6	
33230.4	
33316.8	
33220.8	
33225.6	
33302.4	
33182.4	
33206.4	
33177.6	
33216	
33182.4	
33192	
33240	
33288	
33336	
33331.2	
33321.6	
33350.4	
33355.2	
33307.2	
33360	
33364.8	
33432	
33504	
33580.8	
33624	
33614.4	
33576	
33532.8	
33489.6	
33446.4	
33532.8	
33528	
33504	
33508.8	
33475.2	
33451.2	
33384	
33393.6	
33321.6	
33297.6	
33312	
33225.6	
33326.4	
33364.8	
33355.2	
33422.4	
33244.8	
33288	
33288	
33302.4	
33182.4	
33230.4	
33240	
33273.6	
33384	
33441.6	
33556.8	
33542.4	
33537.6	
33470.4	
33460.8	
33518.4	
33523.2	
33537.6	
33566.4	
33513.6	
33556.8	
33561.6	
33518.4	
33504	
33480	
33566.4	
33600	
33571.2	
33552	
33585.6	
33652.8	
33537.6	
33580.8	
33604.8	
33580.8	
33600	
33628.8	
33681.6	
33729.6	
33638.4	
33609.6	
33672	
33590.4	
33528	
33600	
33580.8	
33600	
33561.6	
33561.6	
33537.6	
33552	
33480	
33417.6	
33403.2	
33403.2	
33393.6	
33369.6	
33331.2	
33235.2	
33225.6	
33283.2	
33374.4	
33292.8	
33259.2	
33297.6	
33355.2	
33384	
33388.8	
33384	
33436.8	
33484.8	
33499.2	
33580.8	
33648	
33571.2	
33532.8	
33489.6	
33470.4	
33336	
33460.8	
33513.6	
33460.8	
33412.8	
33432	
33480	
33528	
33585.6	
33484.8	
33523.2	
33600	
33600	
33566.4	
33580.8	
33609.6	
33696	
33691.2	
33691.2	
33700.8	
33710.4	
33619.2	
33600	
33643.2	
33600	
33590.4	
33585.6	
33561.6	
33628.8	
33681.6	
33609.6	
33648	
33633.6	
33638.4	
33619.2	
33624	
33619.2	
33528	
33456	
33484.8	
33576	
33566.4	
33633.6	
33571.2	
33571.2	
33585.6	
33662.4	
33734.4	
33744	
33720	
33676.8	
33648	
33652.8	
33672	
33633.6	
33638.4	
33652.8	
33643.2	
33657.6	
33744	
33720	
33715.2	
33667.2	
33657.6	
33691.2	
33691.2	
33672	
33667.2	
33672	
33614.4	
33667.2	
33528	
33561.6	
33628.8	
33580.8	
33484.8	
33494.4	
33513.6	
33475.2	
33499.2	
33451.2	
33379.2	
33331.2	
33268.8	
33283.2	
33235.2	
33192	
33249.6	
33201.6	
33158.4	
33139.2	
33144	
33100.8	
33168	
33134.4	
33134.4	
33134.4	
33139.2	
33129.6	
33216	
33283.2	
33417.6	
33417.6	
33384	
33403.2	
33321.6	
33379.2	
33427.2	
33436.8	
33513.6	
33475.2	
33585.6	
33604.8	
33609.6	
33672	
33552	
33561.6	
33537.6	
33552	
33552	
33547.2	
33499.2	
33441.6	
33513.6	
33456	
33441.6	
33460.8	
33513.6	
33513.6	
33494.4	
33417.6	
33403.2	
33528	
33532.8	
33508.8	
33504	
33604.8	
33566.4	
33585.6	
33652.8	
33681.6	
33676.8	
33667.2	
33633.6	
33696	
33734.4	
33715.2	
33758.4	
33758.4	
33748.8	
33806.4	
33753.6	
33734.4	
33787.2	
33710.4	
33705.6	
33686.4	
33619.2	
33585.6	
33585.6	
33619.2	
33662.4	
33676.8	
33667.2	
33571.2	
33580.8	
33638.4	
33585.6	
33590.4	
33585.6	
33571.2	
33633.6	
33600	
33624	
33652.8	
33758.4	
33734.4	
33772.8	
33816	
33816	
33854.4	
33849.6	
33916.8	
33936	
33916.8	
33897.6	
33873.6	
33873.6	
33859.2	
33936	
33950.4	
33907.2	
33878.4	
33907.2	
33936	
33849.6	
33921.6	
33868.8	
33926.4	
33897.6	
33792	
33792	
33734.4	
33792	
33763.2	
33864	
33888	
33873.6	
33897.6	
33897.6	
33859.2	
33960	
33969.6	
33988.8	
33849.6	
33835.2	
33849.6	
33854.4	
33835.2	
33840	
33777.6	
33849.6	
33796.8	
33820.8	
33888	
33916.8	
33940.8	
33955.2	
34008	
34051.2	
34147.2	
34171.2	
34128	
34137.6	
34200	
34272	
34291.2	
34262.4	
34272	
34276.8	
34113.6	
34017.6	
33950.4	
33979.2	
34017.6	
34012.8	
34003.2	
34080	
34132.8	
34142.4	
34084.8	
34041.6	
34041.6	
34056	
34108.8	
34089.6	
34070.4	
34036.8	
34041.6	
33988.8	
33916.8	
33931.2	
33979.2	
34017.6	
34084.8	
34094.4	
34137.6	
34094.4	
34060.8	
34080	
34094.4	
34084.8	
33984	
33940.8	
33902.4	
33830.4	
33940.8	
33950.4	
33988.8	
34060.8	
34041.6	
34099.2	
34099.2	
34056	
34070.4	
34128	
34065.6	
34118.4	
34147.2	
34065.6	
34041.6	
34132.8	
34080	
34084.8	
34032	
33998.4	
33988.8	
34065.6	
34108.8	
34108.8	
34132.8	
34094.4	
34128	
34137.6	
34056	
34003.2	
33912	
33936	
33921.6	
33940.8	
34012.8	
34036.8	
34080	
34132.8	
34137.6	
34080	
34008	
34104	
34056	
34012.8	
34075.2	
34051.2	
33960	
33916.8	
33926.4	
33931.2	
33940.8	
33960	
33897.6	
33931.2	
33873.6	
33960	
33940.8	
33969.6	
34003.2	
33945.6	
33816	
33796.8	
33840	
33787.2	
33753.6	
33753.6	
33806.4	
33811.2	
33796.8	
33744	
33729.6	
33748.8	
33739.2	
33772.8	
33720	
33643.2	
33710.4	
33628.8	
33580.8	
33561.6	
33542.4	
33532.8	
33614.4	
33710.4	
33758.4	
33715.2	
33734.4	
33715.2	
33796.8	
33859.2	
33830.4	
33787.2	
33715.2	
33729.6	
33734.4	
33739.2	
33710.4	
33657.6	
33729.6	
33763.2	
33820.8	
33753.6	
33801.6	
33868.8	
33873.6	
33859.2	
33859.2	
33768	
33753.6	
33864	
33883.2	
33864	
33825.6	
33806.4	
33840	
33830.4	
33950.4	
34060.8	
34032	
33969.6	
33945.6	
33960	
33979.2	
33955.2	
33969.6	
33878.4	
33830.4	
33820.8	
33825.6	
33772.8	
33811.2	
33744	
33734.4	
33772.8	
33844.8	
33883.2	
33912	
33912	
33960	
33907.2	
33974.4	
33940.8	
33840	
33816	
33844.8	
33883.2	
33897.6	
34008	
34022.4	
34051.2	
34108.8	
34142.4	
34118.4	
34080	
34137.6	
34209.6	
34238.4	
34286.4	
34281.6	
34310.4	
34348.8	
34392	
34344	
34315.2	
34281.6	
34329.6	
34324.8	
34324.8	
34406.4	
34459.2	
34382.4	
34396.8	
34392	
34425.6	
34512	
34449.6	
34411.2	
34396.8	
34348.8	
34363.2	
34416	
34411.2	
34459.2	
34344	
34382.4	
34363.2	
34296	
34320	
34339.2	
34396.8	
34440	
34420.8	
34411.2	
34483.2	
34483.2	
34449.6	
34473.6	
34401.6	
34449.6	
34372.8	
34358.4	
34339.2	
34339.2	
34396.8	
34483.2	
34430.4	
34406.4	
34348.8	
34296	
34300.8	
34252.8	
34315.2	
34353.6	
34324.8	
34348.8	
34372.8	
34377.6	
34392	
34334.4	
34392	
34348.8	
34344	
34430.4	
34291.2	
34248	
34171.2	
34142.4	
34176	
34190.4	
34224	
34080	
34022.4	
33974.4	
34012.8	
34156.8	
34195.2	
34219.2	
34180.8	
34113.6	
34041.6	
34041.6	
34108.8	
34118.4	
34147.2	
34075.2	
34108.8	
34108.8	
34108.8	
34128	
34075.2	
34152	
34051.2	
34022.4	
33993.6	
34022.4	
34036.8	
33964.8	
33974.4	
33964.8	
34036.8	
34046.4	
33916.8	
33902.4	
33988.8	
34089.6	
34056	
34123.2	
34104	
34142.4	
34099.2	
34089.6	
34027.2	
34017.6	
33993.6	
34108.8	
34123.2	
34142.4	
34132.8	
34190.4	
34156.8	
34209.6	
34243.2	
34291.2	
34300.8	
34315.2	
34296	
34291.2	
34281.6	
34305.6	
34320	
34300.8	
34320	
34276.8	
34180.8	
34142.4	
34272	
34344	
34324.8	
34296	
34348.8	
34339.2	
34320	
34267.2	
34238.4	
34320	
34276.8	
34252.8	
34324.8	
34267.2	
34228.8	
34257.6	
34310.4	
34281.6	
34320	
34252.8	
34195.2	
34166.4	
34108.8	
34108.8	
34080	
34075.2	
33950.4	
34008	
34036.8	
33993.6	
34156.8	
34128	
34128	
34147.2	
34152	
34075.2	
34094.4	
34147.2	
34099.2	
34166.4	
34060.8	
34152	
34132.8	
34132.8	
34080	
34104	
34176	
34123.2	
34089.6	
34123.2	
34243.2	
34142.4	
34180.8	
34089.6	
34089.6	
34089.6	
34099.2	
34089.6	
34180.8	
34200	
34185.6	
34276.8	
34272	
34248	
34276.8	
34180.8	
34190.4	
34180.8	
34219.2	
34252.8	
34228.8	
34195.2	
34171.2	
34185.6	
34190.4	
34156.8	
34132.8	
34108.8	
34128	
34089.6	
34089.6	
34089.6	
34152	
34209.6	
34128	
34142.4	
34142.4	
34152	
34123.2	
34094.4	
34123.2	
34128	
34094.4	
34108.8	
34065.6	
34070.4	
34180.8	
34176	
34200	
34200	
34180.8	
34161.6	
34200	
34104	
34108.8	
34209.6	
34161.6	
34209.6	
34152	
34171.2	
34228.8	
34228.8	
34248	
34219.2	
34214.4	
34291.2	
34300.8	
34272	
34228.8	
34267.2	
34296	
34281.6	
34276.8	
34272	
34334.4	
34372.8	
34401.6	
34392	
34368	
34334.4	
34329.6	
34363.2	
34320	
34339.2	
34368	
34478.4	
34329.6	
34420.8	
34420.8	
34440	
34473.6	
34420.8	
34353.6	
34368	
34483.2	
34492.8	
34516.8	
34536	
34483.2	
34440	
34392	
34392	
34416	
34420.8	
34372.8	
34363.2	
34444.8	
34502.4	
34464	
34473.6	
34540.8	
34622.4	
34646.4	
34593.6	
34536	
34564.8	
34449.6	
34521.6	
34468.8	
34459.2	
34468.8	
34488	
34478.4	
34372.8	
34430.4	
34444.8	
34478.4	
34435.2	
34435.2	
34444.8	
34449.6	
34411.2	
34464	
34531.2	
34444.8	
34492.8	
34449.6	
34478.4	
34473.6	
34492.8	
34492.8	
34478.4	
34526.4	
34545.6	
34483.2	
34449.6	
34449.6	
34420.8	
34425.6	
34300.8	
34243.2	
34267.2	
34243.2	
34238.4	
34296	
34296	
34348.8	
34396.8	
34444.8	
34411.2	
34449.6	
34468.8	
34473.6	
34483.2	
34483.2	
34459.2	
34416	
34449.6	
34502.4	
34608	
34608	
34569.6	
34699.2	
34617.6	
34641.6	
34540.8	
34531.2	
34574.4	
34612.8	
34593.6	
34603.2	
34641.6	
34579.2	
34584	
34531.2	
34569.6	
34536	
34531.2	
34512	
34449.6	
34488	
34454.4	
34435.2	
34368	
34315.2	
34372.8	
34291.2	
34248	
34368	
34464	
34411.2	
34411.2	
34425.6	
34444.8	
34440	
34440	
34449.6	
34406.4	
34468.8	
34440	
34488	
34459.2	
34449.6	
34430.4	
34459.2	
34435.2	
34454.4	
34464	
34507.2	
34574.4	
34588.8	
34588.8	
34507.2	
34502.4	
34440	
34387.2	
34396.8	
34473.6	
34406.4	
34444.8	
34468.8	
34473.6	
34492.8	
34488	
34502.4	
34416	
34368	
34401.6	
34425.6	
34430.4	
34459.2	
34392	
34382.4	
34416	
34416	
34396.8	
34464	
34473.6	
34536	
34574.4	
34492.8	
34516.8	
34507.2	
34526.4	
34531.2	
34435.2	
34502.4	
34555.2	
34627.2	
34608	
34608	
34627.2	
34608	
34555.2	
34564.8	
34588.8	
34622.4	
34593.6	
34641.6	
34579.2	
34598.4	
34632	
34622.4	
34694.4	
34761.6	
34704	
34680	
34742.4	
34689.6	
34718.4	
34612.8	
34612.8	
34555.2	
34521.6	
34454.4	
34497.6	
34531.2	
34468.8	
34392	
34512	
34488	
34531.2	
34545.6	
34598.4	
34521.6	
34363.2	
34459.2	
34502.4	
34516.8	
34579.2	
34560	
34564.8	
34512	
34483.2	
34497.6	
34492.8	
34560	
34440	
34459.2	
34459.2	
34483.2	
34492.8	
34430.4	
34449.6	
34425.6	
34468.8	
34396.8	
34478.4	
34483.2	
34564.8	
34555.2	
34483.2	
34468.8	
34392	
34339.2	
34344	
34348.8	
34358.4	
34363.2	
34272	
34296	
34291.2	
34320	
34339.2	
34363.2	
34348.8	
34416	
34368	
34267.2	
34243.2	
34228.8	
34344	
34483.2	
34560	
34588.8	
34569.6	
34569.6	
34555.2	
34464	
34358.4	
34483.2	
34478.4	
34473.6	
34497.6	
34569.6	
34526.4	
34488	
34497.6	
34564.8	
34632	
34588.8	
34670.4	
34689.6	
34651.2	
34656	
34684.8	
34603.2	
34608	
34555.2	
34584	
34598.4	
34560	
34603.2	
34521.6	
34502.4	
34516.8	
34545.6	
34536	
34550.4	
34492.8	
34521.6	
34526.4	
34459.2	
34526.4	
34603.2	
34632	
34579.2	
34555.2	
34694.4	
34675.2	
34737.6	
34699.2	
34790.4	
34713.6	
34641.6	
34665.6	
34636.8	
34540.8	
34598.4	
34564.8	
34584	
34632	
34675.2	
34598.4	
34560	
34564.8	
34588.8	
34617.6	
34526.4	
34521.6	
34483.2	
34526.4	
34550.4	
34512	
34425.6	
34492.8	
34584	
34646.4	
34728	
34670.4	
34478.4	
34502.4	
34396.8	
34310.4	
34372.8	
34272	
34252.8	
34248	
34200	
34262.4	
34300.8	
34305.6	
34348.8	
34348.8	
34425.6	
34478.4	
34516.8	
34483.2	
34550.4	
34593.6	
34641.6	
34584	
34612.8	
34588.8	
34608	
34632	
34694.4	
34593.6	
34584	
34598.4	
34593.6	
34622.4	
34584	
34569.6	
34574.4	
34512	
34464	
34425.6	
34396.8	
34449.6	
34406.4	
34420.8	
34425.6	
34444.8	
34401.6	
34305.6	
34348.8	
34358.4	
34353.6	
34406.4	
34348.8	
34363.2	
34329.6	
34324.8	
34372.8	
34372.8	
34459.2	
34377.6	
34416	
34344	
34396.8	
34382.4	
34507.2	
34401.6	
34372.8	
34392	
34416	
34478.4	
34473.6	
34420.8	
34478.4	
34526.4	
34497.6	
34449.6	
34440	
34435.2	
34444.8	
34430.4	
34449.6	
34598.4	
34550.4	
34540.8	
34492.8	
34526.4	
34507.2	
34492.8	
34536	
34545.6	
34598.4	
34545.6	
34588.8	
34526.4	
34588.8	
34550.4	
34507.2	
34531.2	
34502.4	
34521.6	
34444.8	
34382.4	
34377.6	
34454.4	
34425.6	
34468.8	
34540.8	
34468.8	
34497.6	
34560	
34564.8	
34536	
34536	
34536	
34588.8	
34579.2	
34564.8	
34598.4	
34656	
34627.2	
34651.2	
34651.2	
34656	
34756.8	
34800	
34819.2	
34809.6	
34761.6	
34766.4	
34756.8	
34756.8	
34804.8	
34857.6	
34843.2	
34920	
34915.2	
34867.2	
34852.8	
34905.6	
34824	
34795.2	
34824	
34862.4	
34848	
34852.8	
34833.6	
34833.6	
34872	
34828.8	
34819.2	
34838.4	
34819.2	
34814.4	
34766.4	
34790.4	
34824	
34795.2	
34809.6	
34881.6	
34876.8	
34819.2	
34785.6	
34747.2	
34713.6	
34795.2	
34872	
34843.2	
34814.4	
34780.8	
34756.8	
34766.4	
34732.8	
34713.6	
34742.4	
34732.8	
34699.2	
34747.2	
34694.4	
34732.8	
34737.6	
34795.2	
34814.4	
34800	
34752	
34704	
34694.4	
34689.6	
34732.8	
34766.4	
34756.8	
34814.4	
34785.6	
34833.6	
34785.6	
34708.8	
34713.6	
34752	
34737.6	
34814.4	
34752	
34732.8	
34641.6	
34704	
34641.6	
34694.4	
34684.8	
34608	
34689.6	
34718.4	
34776	
34732.8	
34713.6	
34684.8	
34699.2	
34728	
34651.2	
34723.2	
34766.4	
34737.6	
34718.4	
34790.4	
34761.6	
34752	
34704	
34780.8	
34819.2	
34761.6	
34737.6	
34742.4	
34828.8	
34795.2	
34732.8	
34800	
34790.4	
34804.8	
34728	
34641.6	
34718.4	
34718.4	
34747.2	
34723.2	
34694.4	
34646.4	
34660.8	
34646.4	
34584	
34608	
34622.4	
34593.6	
34526.4	
34473.6	
34598.4	
34723.2	
34752	
34790.4	
34776	
34723.2	
34785.6	
34819.2	
34857.6	
34795.2	
34876.8	
34924.8	
34876.8	
34857.6	
34896	
35016	
35044.8	
35025.6	
35054.4	
35049.6	
35006.4	
34929.6	
34948.8	
34900.8	
34896	
34891.2	
34872	
34891.2	
34958.4	
34968	
35025.6	
35064	
35112	
35097.6	
35083.2	
35083.2	
35054.4	
35068.8	
35054.4	
35107.2	
35049.6	
35001.6	
35025.6	
35040	
35001.6	
34963.2	
34948.8	
34872	
34867.2	
34848	
34848	
34848	
34857.6	
34900.8	
34915.2	
34992	
34972.8	
34977.6	
35020.8	
35025.6	
35006.4	
34944	
34886.4	
34857.6	
34896	
34924.8	
34924.8	
34963.2	
34881.6	
34910.4	
34852.8	
34848	
34876.8	
34867.2	
34756.8	
34838.4	
34838.4	
34824	
34848	
34857.6	
34886.4	
34963.2	
34881.6	
34915.2	
34953.6	
34987.2	
35001.6	
35054.4	
35025.6	
35073.6	
35092.8	
35107.2	
35083.2	
35030.4	
35044.8	
35016	
35044.8	
35068.8	
35078.4	
35025.6	
34944	
34920	
34929.6	
34867.2	
34824	
34838.4	
34881.6	
34876.8	
34857.6	
34857.6	
34848	
34800	
34828.8	
34891.2	
34886.4	
34862.4	
34900.8	
34862.4	
34876.8	
34905.6	
34828.8	
34771.2	
34804.8	
34910.4	
34848	
34924.8	
34876.8	
34905.6	
34910.4	
34857.6	
34891.2	
34905.6	
34814.4	
34862.4	
34872	
34944	
34924.8	
34915.2	
34896	
34939.2	
34944	
34944	
34968	
34987.2	
34977.6	
34924.8	
34977.6	
35059.2	
34996.8	
34996.8	
35025.6	
35097.6	
35097.6	
35092.8	
35040	
35102.4	
35102.4	
35097.6	
35145.6	
35102.4	
35073.6	
34996.8	
35068.8	
35040	
35011.2	
35016	
35049.6	
35030.4	
35049.6	
35068.8	
35035.2	
34948.8	
34934.4	
34982.4	
34958.4	
34900.8	
34958.4	
34920	
34867.2	
34896	
34891.2	
34881.6	
34977.6	
34968	
34948.8	
34929.6	
34992	
34905.6	
34929.6	
34934.4	
34944	
34948.8	
34891.2	
34939.2	
34996.8	
35016	
34987.2	
35016	
35001.6	
35025.6	
35016	
35006.4	
35049.6	
35116.8	
35121.6	
35126.4	
35112	
35049.6	
35083.2	
34996.8	
35073.6	
35030.4	
35049.6	
34996.8	
34972.8	
34977.6	
35006.4	
34996.8	
35040	
35020.8	
35044.8	
35097.6	
35160	
35160	
35169.6	
35155.2	
35136	
35116.8	
35068.8	
35030.4	
35001.6	
35035.2	
35040	
35160	
35140.8	
35054.4	
35025.6	
34977.6	
34968	
34929.6	
34862.4	
34862.4	
34929.6	
34886.4	
34814.4	
34800	
34780.8	
34790.4	
34804.8	
34780.8	
34852.8	
34876.8	
34886.4	
34992	
34944	
34876.8	
34862.4	
34843.2	
34833.6	
34857.6	
34862.4	
34800	
34641.6	
34737.6	
34656	
34670.4	
34689.6	
34680	
34656	
34732.8	
34833.6	
34838.4	
34872	
34809.6	
34780.8	
34828.8	
34852.8	
34857.6	
34972.8	
34987.2	
35011.2	
35020.8	
35020.8	
35011.2	
35035.2	
35025.6	
34977.6	
34968	
34948.8	
34876.8	
34872	
34867.2	
34924.8	
34886.4	
34929.6	
34958.4	
34920	
34900.8	
34924.8	
34934.4	
34872	
34939.2	
34934.4	
34900.8	
34910.4	
34862.4	
34800	
34828.8	
34828.8	
34867.2	
34910.4	
34915.2	
34953.6	
34872	
34852.8	
34776	
34867.2	
34939.2	
34876.8	
34843.2	
34857.6	
34891.2	
34905.6	
34852.8	
34804.8	
34833.6	
34814.4	
34761.6	
34828.8	
34795.2	
34728	
34766.4	
34828.8	
34876.8	
34886.4	
34848	
34891.2	
34872	
34896	
34905.6	
34953.6	
34948.8	
34992	
34958.4	
34944	
34857.6	
34848	
34929.6	
34939.2	
34948.8	
34968	
35020.8	
35040	
35088	
35044.8	
35083.2	
35064	
35040	
35059.2	
35068.8	
35097.6	
35136	
35140.8	
35092.8	
35088	
35102.4	
35083.2	
35054.4	
35020.8	
35049.6	
35025.6	
34992	
34963.2	
34968	
34972.8	
34900.8	
34929.6	
34896	
34992	
35073.6	
35102.4	
35097.6	
35059.2	
35030.4	
35054.4	
34982.4	
34857.6	
34843.2	
34891.2	
34920	
34972.8	
34905.6	
34948.8	
34929.6	
34886.4	
34776	
34833.6	
34814.4	
34843.2	
34905.6	
34929.6	
34968	
34944	
34987.2	
35025.6	
35025.6	
34982.4	
34920	
34924.8	
34915.2	
34953.6	
34977.6	
34852.8	
34886.4	
34848	
34896	
34905.6	
34963.2	
34929.6	
34896	
34800	
34809.6	
34929.6	
34977.6	
34934.4	
34915.2	
34900.8	
34920	
34929.6	
34963.2	
34958.4	
35016	
35040	
35030.4	
35006.4	
35001.6	
35020.8	
35025.6	
35136	
35054.4	
35044.8	
35097.6	
35121.6	
35121.6	
35150.4	
35126.4	
35088	
35092.8	
35044.8	
35088	
35073.6	
35073.6	
35030.4	
35049.6	
35112	
35126.4	
35136	
35179.2	
35107.2	
35088	
35006.4	
34987.2	
34948.8	
34881.6	
34857.6	
34857.6	
34886.4	
34833.6	
34795.2	
34862.4	
34886.4	
34876.8	
34828.8	
34824	
34843.2	
34780.8	
34809.6	
34828.8	
34814.4	
34785.6	
34713.6	
34641.6	
34704	
34756.8	
34713.6	
34737.6	
34680	
34771.2	
34766.4	
34737.6	
34737.6	
34766.4	
34704	
34689.6	
34699.2	
34627.2	
34689.6	
34708.8	
34732.8	
34756.8	
34809.6	
34848	
34900.8	
34900.8	
34953.6	
34972.8	
34992	
34948.8	
34948.8	
34910.4	
34905.6	
34958.4	
34968	
34977.6	
34972.8	
35011.2	
35016	
35040	
35049.6	
35044.8	
35083.2	
35088	
35073.6	
35112	
35020.8	
35001.6	
34968	
34948.8	
34905.6	
34958.4	
34953.6	
34972.8	
34948.8	
35006.4	
34934.4	
34915.2	
34982.4	
34992	
34982.4	
34982.4	
35001.6	
34963.2	
35025.6	
35059.2	
35097.6	
35035.2	
35136	
35160	
35155.2	
35179.2	
35212.8	
35198.4	
35198.4	
35160	
35198.4	
35116.8	
35078.4	
35073.6	
35054.4	
34996.8	
34934.4	
34996.8	
35102.4	
35193.6	
35126.4	
35126.4	
35112	
35131.2	
35155.2	
35116.8	
35136	
35164.8	
35203.2	
35251.2	
35265.6	
35280	
35241.6	
35203.2	
35251.2	
35265.6	
35241.6	
35241.6	
35217.6	
35179.2	
35208	
35236.8	
35251.2	
35280	
35265.6	
35275.2	
35342.4	
35380.8	
35313.6	
35227.2	
35193.6	
35179.2	
35212.8	
35174.4	
35188.8	
35121.6	
35150.4	
35169.6	
35241.6	
35232	
35289.6	
35241.6	
35227.2	
35217.6	
35136	
35083.2	
35107.2	
35102.4	
34996.8	
34996.8	
35006.4	
35001.6	
35020.8	
34948.8	
34905.6	
34857.6	
34900.8	
34843.2	
34828.8	
34833.6	
34843.2	
34819.2	
34814.4	
34886.4	
34934.4	
35020.8	
35044.8	
35025.6	
35064	
35044.8	
35040	
35001.6	
35025.6	
35131.2	
35112	
35078.4	
35092.8	
35097.6	
35088	
35088	
35054.4	
35097.6	
35121.6	
35131.2	
35140.8	
35020.8	
35006.4	
34982.4	
34948.8	
34958.4	
34987.2	
35006.4	
34987.2	
35049.6	
35064	
35054.4	
35054.4	
35064	
35035.2	
35044.8	
35083.2	
35097.6	
35131.2	
35083.2	
34987.2	
34968	
34939.2	
35001.6	
35001.6	
35025.6	
34996.8	
35044.8	
35073.6	
35083.2	
34948.8	
34944	
34910.4	
34910.4	
34996.8	
35025.6	
34896	
34881.6	
34881.6	
34924.8	
34929.6	
34915.2	
34838.4	
34872	
34848	
34886.4	
34929.6	
34905.6	
34963.2	
34920	
34996.8	
34982.4	
35020.8	
34934.4	
35006.4	
35011.2	
35068.8	
35068.8	
35040	
35092.8	
35088	
35078.4	
35174.4	
35232	
35217.6	
35174.4	
35227.2	
35164.8	
35208	
35155.2	
35155.2	
35121.6	
35107.2	
35092.8	
35126.4	
35131.2	
34996.8	
35006.4	
34977.6	
35035.2	
35030.4	
35030.4	
35030.4	
35040	
35040	
35064	
35016	
35083.2	
35078.4	
35107.2	
35136	
35126.4	
35054.4	
35020.8	
35020.8	
35001.6	
34958.4	
34968	
35020.8	
35102.4	
35107.2	
35107.2	
35145.6	
35145.6	
35116.8	
35121.6	
35184	
35198.4	
35212.8	
35203.2	
35251.2	
35256	
35280	
35241.6	
35222.4	
35270.4	
35236.8	
35260.8	
35188.8	
35155.2	
35116.8	
35160	
35232	
35275.2	
35337.6	
35337.6	
35352	
35419.2	
35376	
35342.4	
35347.2	
35361.6	
35448	
35457.6	
35433.6	
35481.6	
35462.4	
35395.2	
35380.8	
35395.2	
35361.6	
35424	
35424	
35457.6	
35433.6	
35500.8	
35553.6	
35505.6	
35505.6	
35500.8	
35419.2	
35438.4	
35419.2	
35356.8	
35318.4	
35390.4	
35390.4	
35438.4	
35385.6	
35390.4	
35352	
35308.8	
35260.8	
35337.6	
35352	
35347.2	
35356.8	
35395.2	
35400	
35376	
35385.6	
35342.4	
35323.2	
35246.4	
35260.8	
35289.6	
35342.4	
35332.8	
35304	
35313.6	
35328	
35347.2	
35260.8	
35280	
35284.8	
35270.4	
35275.2	
35260.8	
35289.6	
35241.6	
35256	
35284.8	
35260.8	
35313.6	
35328	
35352	
35371.2	
35404.8	
35337.6	
35356.8	
35424	
35491.2	
35481.6	
35534.4	
35592	
35515.2	
35529.6	
35606.4	
35601.6	
35644.8	
35644.8	
35596.8	
35630.4	
35640	
35563.2	
35587.2	
35611.2	
35601.6	
35596.8	
35553.6	
35620.8	
35664	
35611.2	
35592	
35635.2	
35644.8	
35678.4	
35678.4	
35707.2	
35707.2	
35726.4	
35736	
35697.6	
35712	
35678.4	
35702.4	
35707.2	
35625.6	
35620.8	
35611.2	
35606.4	
35611.2	
35606.4	
35640	
35649.6	
35697.6	
35721.6	
35740.8	
35736	
35740.8	
35712	
35683.2	
35601.6	
35568	
35505.6	
35476.8	
35438.4	
35428.8	
35433.6	
35414.4	
35400	
35380.8	
35347.2	
35332.8	
35232	
35227.2	
35184	
35222.4	
35136	
35212.8	
35236.8	
35203.2	
35164.8	
35203.2	
35184	
35203.2	
35236.8	
35265.6	
35280	
35308.8	
35294.4	
35299.2	
35308.8	
35294.4	
35265.6	
35265.6	
35246.4	
35265.6	
35318.4	
35366.4	
35323.2	
35294.4	
35280	
35251.2	
35241.6	
35299.2	
35284.8	
35222.4	
35140.8	
35217.6	
35299.2	
35323.2	
35328	
35294.4	
35313.6	
35308.8	
35284.8	
35284.8	
35251.2	
35284.8	
35380.8	
35409.6	
35400	
35332.8	
35337.6	
35356.8	
35313.6	
35299.2	
35352	
35352	
35361.6	
35448	
35385.6	
35356.8	
35352	
35390.4	
35313.6	
35304	
35217.6	
35131.2	
35188.8	
35217.6	
35241.6	
35289.6	
35395.2	
35448	
35457.6	
35414.4	
35481.6	
35462.4	
35390.4	
35380.8	
35366.4	
35438.4	
35424	
35371.2	
35313.6	
35304	
35289.6	
35275.2	
35347.2	
35352	
35337.6	
35352	
35323.2	
35318.4	
35318.4	
35332.8	
35299.2	
35304	
35280	
35280	
35236.8	
35164.8	
35179.2	
35140.8	
35184	
35184	
35270.4	
35328	
35409.6	
35448	
35448	
35419.2	
35433.6	
35424	
35409.6	
35428.8	
35342.4	
35347.2	
35323.2	
35337.6	
35347.2	
35337.6	
35299.2	
35241.6	
35193.6	
35150.4	
35121.6	
35184	
35203.2	
35150.4	
35136	
35097.6	
35112	
35136	
35155.2	
35145.6	
35150.4	
35088	
35174.4	
35198.4	
35265.6	
35203.2	
35304	
35318.4	
35323.2	
35270.4	
35275.2	
35337.6	
35352	
35313.6	
35323.2	
35294.4	
35280	
35308.8	
35289.6	
35318.4	
35289.6	
35299.2	
35251.2	
35256	
35150.4	
35169.6	
35208	
35308.8	
35342.4	
35380.8	
35337.6	
35332.8	
35275.2	
35208	
35208	
35145.6	
35145.6	
35160	
35131.2	
35126.4	
35131.2	
35188.8	
35121.6	
35073.6	
35174.4	
35169.6	
35184	
35179.2	
35155.2	
35155.2	
35236.8	
35222.4	
35198.4	
35188.8	
35184	
35193.6	
35193.6	
35155.2	
35145.6	
35145.6	
35160	
35203.2	
35160	
35155.2	
35184	
35227.2	
35304	
35332.8	
35371.2	
35323.2	
35371.2	
35328	
35323.2	
35376	
35270.4	
35251.2	
35260.8	
35280	
35270.4	
35337.6	
35270.4	
35289.6	
35347.2	
35299.2	
35337.6	
35371.2	
35371.2	
35428.8	
35443.2	
35332.8	
35318.4	
35347.2	
35342.4	
35385.6	
35361.6	
35462.4	
35457.6	
35476.8	
35395.2	
35419.2	
35419.2	
35472	
35476.8	
35457.6	
35443.2	
35428.8	
35472	
35443.2	
35457.6	
35400	
35376	
35443.2	
35443.2	
35414.4	
35467.2	
35414.4	
35356.8	
35385.6	
35356.8	
35299.2	
35328	
35318.4	
35342.4	
35323.2	
35361.6	
35414.4	
35404.8	
35323.2	
35395.2	
35395.2	
35428.8	
35438.4	
35414.4	
35534.4	
35510.4	
35428.8	
35404.8	
35361.6	
35352	
35380.8	
35323.2	
35323.2	
35342.4	
35212.8	
35227.2	
35217.6	
35208	
35246.4	
35208	
35251.2	
35260.8	
35308.8	
35337.6	
35356.8	
35328	
35414.4	
35419.2	
35424	
35356.8	
35304	
35337.6	
35361.6	
35385.6	
35304	
35337.6	
35385.6	
35342.4	
35371.2	
35366.4	
35390.4	
35409.6	
35409.6	
35361.6	
35337.6	
35347.2	
35328	
35313.6	
35299.2	
35222.4	
35260.8	
35280	
35313.6	
35265.6	
35222.4	
35284.8	
35318.4	
35232	
35236.8	
35280	
35265.6	
35198.4	
35241.6	
35284.8	
35328	
35332.8	
35356.8	
35328	
35337.6	
35304	
35318.4	
35337.6	
35256	
35304	
35347.2	
35304	
35265.6	
35347.2	
35332.8	
35294.4	
35265.6	
35203.2	
35203.2	
35280	
35284.8	
35265.6	
35308.8	
35323.2	
35356.8	
35366.4	
35395.2	
35433.6	
35462.4	
35371.2	
35371.2	
35356.8	
35352	
35380.8	
35390.4	
35380.8	
35356.8	
35380.8	
35428.8	
35380.8	
35356.8	
35400	
35409.6	
35376	
35323.2	
35332.8	
35409.6	
35491.2	
35395.2	
35443.2	
35500.8	
35563.2	
35476.8	
35481.6	
35486.4	
35496	
35481.6	
35448	
35404.8	
35347.2	
35308.8	
35409.6	
35409.6	
35352	
35404.8	
35342.4	
35385.6	
35328	
35366.4	
35323.2	
35337.6	
35332.8	
35371.2	
35352	
35337.6	
35371.2	
35352	
35390.4	
35356.8	
35294.4	
35299.2	
35294.4	
35352	
35284.8	
35308.8	
35371.2	
35385.6	
35356.8	
35236.8	
35222.4	
35236.8	
35251.2	
35241.6	
35323.2	
35313.6	
35323.2	
35304	
35404.8	
35366.4	
35361.6	
35284.8	
35212.8	
35208	
35376	
35366.4	
35395.2	
35313.6	
35299.2	
35270.4	
35376	
35376	
35409.6	
35433.6	
35438.4	
35457.6	
35481.6	
35491.2	
35476.8	
35500.8	
35496	
35534.4	
35529.6	
35529.6	
35534.4	
35563.2	
35534.4	
35515.2	
35539.2	
35505.6	
35515.2	
35577.6	
35611.2	
35572.8	
35553.6	
35582.4	
35505.6	
35476.8	
35448	
35424	
35443.2	
35452.8	
35390.4	
35404.8	
35467.2	
35472	
35433.6	
35486.4	
35496	
35462.4	
35443.2	
35347.2	
35347.2	
35342.4	
35376	
35280	
35270.4	
35304	
35313.6	
35256	
35270.4	
35299.2	
35270.4	
35260.8	
35265.6	
35342.4	
35318.4	
35328	
35308.8	
35337.6	
35371.2	
35308.8	
35299.2	
35332.8	
35318.4	
35318.4	
35337.6	
35380.8	
35404.8	
35371.2	
35313.6	
35342.4	
35347.2	
35380.8	
35390.4	
35395.2	
35443.2	
35505.6	
35577.6	
35577.6	
35568	
35592	
35620.8	
35635.2	
35630.4	
35649.6	
35692.8	
35692.8	
35707.2	
35774.4	
35764.8	
35750.4	
35726.4	
35721.6	
35683.2	
35673.6	
35707.2	
35654.4	
35625.6	
35568	
35553.6	
35558.4	
35563.2	
35486.4	
35428.8	
35443.2	
35472	
35462.4	
35486.4	
35457.6	
35587.2	
35582.4	
35640	
35568	
35539.2	
35548.8	
35572.8	
35553.6	
35601.6	
35577.6	
35563.2	
35592	
35620.8	
35577.6	
35577.6	
35563.2	
35644.8	
35683.2	
35692.8	
35688	
35673.6	
35568	
35520	
35505.6	
35462.4	
35510.4	
35467.2	
35376	
35376	
35486.4	
35563.2	
35596.8	
35539.2	
35515.2	
35534.4	
35630.4	
35664	
35668.8	
35611.2	
35716.8	
35644.8	
35644.8	
35654.4	
35587.2	
35630.4	
35568	
35539.2	
35491.2	
35419.2	
35323.2	
35371.2	
35347.2	
35400	
35347.2	
35299.2	
35294.4	
35308.8	
35294.4	
35212.8	
35188.8	
35260.8	
35179.2	
35188.8	
35184	
35136	
35088	
35011.2	
35011.2	
35068.8	
35073.6	
35150.4	
35107.2	
35174.4	
35188.8	
35179.2	
35256	
35145.6	
35188.8	
35217.6	
35332.8	
35284.8	
35256	
35270.4	
35313.6	
35376	
35380.8	
35337.6	
35299.2	
35342.4	
35294.4	
35361.6	
35342.4	
35380.8	
35390.4	
35376	
35472	
35462.4	
35424	
35457.6	
35467.2	
35476.8	
35481.6	
35472	
35491.2	
35452.8	
35457.6	
35400	
35366.4	
35366.4	
35352	
35366.4	
35376	
35390.4	
35385.6	
35404.8	
35414.4	
35424	
35496	
35448	
35452.8	
35443.2	
35481.6	
35428.8	
35476.8	
35491.2	
35452.8	
35486.4	
35486.4	
35462.4	
35452.8	
35352	
35419.2	
35414.4	
35395.2	
35366.4	
35304	
35371.2	
35371.2	
35390.4	
35376	
35313.6	
35342.4	
35404.8	
35457.6	
35476.8	
35414.4	
35323.2	
35275.2	
35366.4	
35342.4	
35328	
35313.6	
35299.2	
35280	
35299.2	
35342.4	
35284.8	
35313.6	
35337.6	
35328	
35280	
35395.2	
35414.4	
35472	
35472	
35448	
35414.4	
35452.8	
35448	
35467.2	
35572.8	
35534.4	
35548.8	
35486.4	
35577.6	
35630.4	
35644.8	
35774.4	
35769.6	
35784	
35793.6	
35784	
35750.4	
35673.6	
35659.2	
35635.2	
35678.4	
35654.4	
35683.2	
35673.6	
35688	
35731.2	
35683.2	
35712	
35712	
35755.2	
35764.8	
35779.2	
35769.6	
35736	
35721.6	
35764.8	
35731.2	
35649.6	
35616	
35611.2	
35630.4	
35620.8	
35673.6	
35616	
35596.8	
35635.2	
35620.8	
35630.4	
35592	
35548.8	
35481.6	
35481.6	
35467.2	
35409.6	
35385.6	
35347.2	
35313.6	
35337.6	
35356.8	
35409.6	
35443.2	
35457.6	
35491.2	
35496	
35553.6	
35572.8	
35568	
35572.8	
35572.8	
35563.2	
35577.6	
35668.8	
35654.4	
35668.8	
35577.6	
35582.4	
35601.6	
35606.4	
35649.6	
35592	
35596.8	
35534.4	
35534.4	
35553.6	
35515.2	
35520	
35601.6	
35601.6	
35625.6	
35587.2	
35553.6	
35563.2	
35577.6	
35539.2	
35515.2	
35433.6	
35414.4	
35395.2	
35424	
35428.8	
35352	
35380.8	
35356.8	
35332.8	
35352	
35390.4	
35438.4	
35419.2	
35356.8	
35409.6	
35424	
35366.4	
35299.2	
35241.6	
35232	
35304	
35318.4	
35313.6	
35328	
35299.2	
35236.8	
35265.6	
35385.6	
35352	
35313.6	
35347.2	
35328	
35304	
35294.4	
35280	
35284.8	
35332.8	
35385.6	
35409.6	
35452.8	
35428.8	
35534.4	
35462.4	
35438.4	
35400	
35371.2	
35337.6	
35428.8	
35424	
35404.8	
35395.2	
35409.6	
35380.8	
35376	
35390.4	
35457.6	
35390.4	
35385.6	
35395.2	
35280	
35289.6	
35332.8	
35371.2	
35356.8	
35366.4	
35299.2	
35308.8	
35284.8	
35265.6	
35275.2	
35376	
35390.4	
35313.6	
35304	
35371.2	
35347.2	
35404.8	
35419.2	
35443.2	
35462.4	
35505.6	
35486.4	
35448	
35404.8	
35395.2	
35400	
35414.4	
35443.2	
35424	
35395.2	
35500.8	
35467.2	
35524.8	
35500.8	
35587.2	
35563.2	
35524.8	
35520	
35510.4	
35505.6	
35515.2	
35548.8	
35577.6	
35539.2	
35496	
35476.8	
35443.2	
35400	
35448	
35380.8	
35400	
35352	
35390.4	
35390.4	
35457.6	
35491.2	
35404.8	
35443.2	
35438.4	
35476.8	
35510.4	
35568	
35500.8	
35587.2	
35616	
35616	
35577.6	
35524.8	
35534.4	
35510.4	
35500.8	
35462.4	
35409.6	
35476.8	
35481.6	
35515.2	
35491.2	
35515.2	
35510.4	
35505.6	
35467.2	
35404.8	
35419.2	
35424	
35500.8	
35467.2	
35476.8	
35539.2	
35462.4	
35409.6	
35448	
35448	
35462.4	
35544	
35539.2	
35529.6	
35515.2	
35524.8	
35491.2	
35433.6	
35400	
35385.6	
35371.2	
35400	
35366.4	
35337.6	
35332.8	
35347.2	
35361.6	
35428.8	
35491.2	
35486.4	
35472	
35385.6	
35467.2	
35452.8	
35376	
35385.6	
35428.8	
35448	
35380.8	
35433.6	
35438.4	
35438.4	
35529.6	
35596.8	
35577.6	
35582.4	
35596.8	
35630.4	
35635.2	
35625.6	
35611.2	
35649.6	
35664	
35659.2	
35707.2	
35664	
35649.6	
35673.6	
35702.4	
35779.2	
35808	
35812.8	
35793.6	
35774.4	
35812.8	
35832	
35856	
35875.2	
35870.4	
35788.8	
35712	
35697.6	
35640	
35659.2	
35740.8	
35726.4	
35678.4	
35726.4	
35716.8	
35774.4	
35755.2	
35731.2	
35760	
35635.2	
35697.6	
35683.2	
35678.4	
35683.2	
35697.6	
35721.6	
35683.2	
35664	
35668.8	
35683.2	
35659.2	
35644.8	
35592	
35592	
35601.6	
35582.4	
35553.6	
35529.6	
35520	
35462.4	
35395.2	
35284.8	
35260.8	
35308.8	
35294.4	
35236.8	
35246.4	
35256	
35366.4	
35414.4	
35433.6	
35467.2	
35476.8	
35486.4	
35476.8	
35448	
35472	
35496	
35520	
35476.8	
35443.2	
35467.2	
35385.6	
35337.6	
35419.2	
35419.2	
35385.6	
35385.6	
35448	
35385.6	
35428.8	
35366.4	
35385.6	
35395.2	
35414.4	
35467.2	
35424	
35361.6	
35400	
35467.2	
35491.2	
35539.2	
35534.4	
35443.2	
35462.4	
35510.4	
35524.8	
35529.6	
35572.8	
35520	
35515.2	
35601.6	
35611.2	
35620.8	
35568	
35548.8	
35548.8	
35553.6	
35548.8	
35548.8	
35601.6	
35563.2	
35606.4	
35582.4	
35592	
35548.8	
35505.6	
35481.6	
35419.2	
35433.6	
35424	
35476.8	
35491.2	
35433.6	
35457.6	
35448	
35496	
35467.2	
35520	
35496	
35448	
35443.2	
35404.8	
35347.2	
35313.6	
35395.2	
35380.8	
35347.2	
35385.6	
35476.8	
35505.6	
35452.8	
35481.6	
35510.4	
35539.2	
35462.4	
35443.2	
35404.8	
35328	
35366.4	
35356.8	
35328	
35308.8	
35299.2	
35294.4	
35332.8	
35256	
35275.2	
35318.4	
35366.4	
35385.6	
35390.4	
35395.2	
35385.6	
35395.2	
35371.2	
35361.6	
35280	
35313.6	
35380.8	
35366.4	
35308.8	
35275.2	
35270.4	
35280	
35366.4	
35380.8	
35352	
35356.8	
35342.4	
35385.6	
35328	
35323.2	
35361.6	
35318.4	
35371.2	
35400	
35366.4	
35366.4	
35352	
35299.2	
35275.2	
35289.6	
35304	
35260.8	
35236.8	
35232	
35251.2	
35174.4	
35193.6	
35169.6	
35140.8	
35160	
35275.2	
35265.6	
35318.4	
35342.4	
35328	
35284.8	
35294.4	
35304	
35323.2	
35342.4	
35337.6	
35328	
35352	
35380.8	
35366.4	
35428.8	
35366.4	
35424	
35380.8	
35380.8	
35409.6	
35385.6	
35352	
35376	
35342.4	
35332.8	
35313.6	
35294.4	
35308.8	
35404.8	
35409.6	
35361.6	
35371.2	
35390.4	
35361.6	
35289.6	
35246.4	
35256	
35256	
35352	
35390.4	
35390.4	
35443.2	
35433.6	
35400	
35404.8	
35400	
35395.2	
35352	
35385.6	
35404.8	
35414.4	
35347.2	
35289.6	
35260.8	
35299.2	
35294.4	
35294.4	
35265.6	
35260.8	
35323.2	
35299.2	
35313.6	
35304	
35395.2	
35400	
35400	
35380.8	
35337.6	
35270.4	
35256	
35208	
35236.8	
35270.4	
35236.8	
35289.6	
35352	
35275.2	
35275.2	
35313.6	
35328	
35270.4	
35265.6	
35304	
35289.6	
35424	
35424	
35424	
35424	
35481.6	
35462.4	
35462.4	
35524.8	
35496	
35539.2	
35510.4	
35491.2	
35486.4	
35404.8	
35448	
35438.4	
35587.2	
35596.8	
35572.8	
35606.4	
35558.4	
35510.4	
35433.6	
35452.8	
35467.2	
35448	
35462.4	
35544	
35496	
35524.8	
35539.2	
35572.8	
35572.8	
35510.4	
35476.8	
35448	
35433.6	
35457.6	
35491.2	
35457.6	
35539.2	
35534.4	
35539.2	
35577.6	
35563.2	
35481.6	
35457.6	
35539.2	
35524.8	
35553.6	
35500.8	
35520	
35467.2	
35433.6	
35342.4	
35424	
35313.6	
35347.2	
35371.2	
35308.8	
35289.6	
35212.8	
35155.2	
35164.8	
35164.8	
35198.4	
35260.8	
35284.8	
35265.6	
35294.4	
35241.6	
35251.2	
35337.6	
35371.2	
35323.2	
35323.2	
35419.2	
35510.4	
35548.8	
35553.6	
35491.2	
35539.2	
35577.6	
35558.4	
35539.2	
35529.6	
35616	
35630.4	
35654.4	
35630.4	
35601.6	
35630.4	
35654.4	
35745.6	
35692.8	
35774.4	
35817.6	
35812.8	
35798.4	
35832	
35822.4	
35865.6	
35836.8	
35870.4	
35803.2	
35827.2	
35851.2	
35832	
35836.8	
35841.6	
35803.2	
35822.4	
35798.4	
35841.6	
35798.4	
35745.6	
35736	
35702.4	
35692.8	
35726.4	
35712	
35659.2	
35625.6	
35630.4	
35630.4	
35601.6	
35654.4	
35716.8	
35740.8	
35702.4	
35774.4	
35822.4	
35812.8	
35745.6	
35731.2	
35721.6	
35712	
35764.8	
35760	
35707.2	
35788.8	
35726.4	
35760	
35750.4	
35798.4	
35793.6	
35750.4	
35731.2	
35731.2	
35779.2	
35793.6	
35808	
35760	
35788.8	
35793.6	
35803.2	
35841.6	
35808	
35736	
35788.8	
35784	
35755.2	
35769.6	
35779.2	
35726.4	
35726.4	
35697.6	
35707.2	
35707.2	
35683.2	
35736	
35760	
35736	
35712	
35764.8	
35697.6	
35688	
35702.4	
35664	
35673.6	
35707.2	
35697.6	
35678.4	
35582.4	
35568	
35515.2	
35496	
35548.8	
35544	
35510.4	
35476.8	
35572.8	
35563.2	
35539.2	
35558.4	
35582.4	
35515.2	
35544	
35534.4	
35548.8	
35611.2	
35563.2	
35678.4	
35707.2	
35697.6	
35716.8	
35755.2	
35707.2	
35678.4	
35678.4	
35678.4	
35678.4	
35620.8	
35582.4	
35606.4	
35558.4	
35577.6	
35568	
35572.8	
35577.6	
35587.2	
35659.2	
35654.4	
35635.2	
35678.4	
35630.4	
35659.2	
35712	
35740.8	
35688	
35668.8	
35712	
35702.4	
35649.6	
35668.8	
35707.2	
35784	
35740.8	
35692.8	
35673.6	
35654.4	
35529.6	
35520	
35534.4	
35563.2	
35529.6	
35539.2	
35577.6	
35558.4	
35520	
35467.2	
35505.6	
35582.4	
35539.2	
35472	
35496	
35577.6	
35596.8	
35558.4	
35606.4	
35577.6	
35534.4	
35539.2	
35539.2	
35563.2	
35544	
35592	
35568	
35510.4	
35505.6	
35481.6	
35529.6	
35524.8	
35616	
35668.8	
35625.6	
35664	
35654.4	
35625.6	
35529.6	
35510.4	
35486.4	
35438.4	
35419.2	
35356.8	
35366.4	
35385.6	
35361.6	
35323.2	
35409.6	
35462.4	
35467.2	
35510.4	
35568	
35553.6	
35611.2	
35635.2	
35678.4	
35721.6	
35688	
35625.6	
35582.4	
35558.4	
35524.8	
35563.2	
35548.8	
35548.8	
35577.6	
35635.2	
35702.4	
35668.8	
35592	
35616	
35659.2	
35616	
35620.8	
35620.8	
35644.8	
35620.8	
35659.2	
35630.4	
35664	
35563.2	
35577.6	
35544	
35515.2	
35481.6	
35544	
35582.4	
35505.6	
35520	
35592	
35568	
35601.6	
35620.8	
35601.6	
35606.4	
35582.4	
35640	
35649.6	
35716.8	
35784	
35731.2	
35721.6	
35712	
35707.2	
35784	
35803.2	
35798.4	
35836.8	
35841.6	
35784	
35760	
35764.8	
35788.8	
35740.8	
35841.6	
35817.6	
35812.8	
35750.4	
35764.8	
35712	
35654.4	
35654.4	
35601.6	
35606.4	
35582.4	
35688	
35664	
35640	
35625.6	
35596.8	
35539.2	
35616	
35563.2	
35630.4	
35664	
35611.2	
35673.6	
35649.6	
35668.8	
35707.2	
35606.4	
35539.2	
35568	
35611.2	
35529.6	
35563.2	
35625.6	
35692.8	
35688	
35712	
35740.8	
35760	
35760	
35683.2	
35630.4	
35692.8	
35683.2	
35692.8	
35635.2	
35625.6	
35640	
35668.8	
35592	
35630.4	
35544	
35582.4	
35544	
35577.6	
35563.2	
35587.2	
35539.2	
35553.6	
35544	
35606.4	
35640	
35592	
35606.4	
35616	
35616	
35601.6	
35616	
35592	
35625.6	
35644.8	
35616	
35606.4	
35592	
35606.4	
35630.4	
35544	
35592	
35659.2	
35668.8	
35635.2	
35611.2	
35630.4	
35692.8	
35779.2	
35774.4	
35668.8	
35697.6	
35726.4	
35764.8	
35745.6	
35784	
35817.6	
35793.6	
35774.4	
35827.2	
35784	
35798.4	
35659.2	
35726.4	
35740.8	
35635.2	
35649.6	
35668.8	
35779.2	
35755.2	
35731.2	
35678.4	
35664	
35654.4	
35659.2	
35640	
35659.2	
35649.6	
35659.2	
35649.6	
35692.8	
35692.8	
35726.4	
35740.8	
35721.6	
35745.6	
35760	
35702.4	
35654.4	
35611.2	
35592	
35601.6	
35500.8	
35534.4	
35529.6	
35572.8	
35568	
35611.2	
35568	
35625.6	
35572.8	
35654.4	
35697.6	
35668.8	
35640	
35606.4	
35620.8	
35606.4	
35558.4	
35548.8	
35553.6	
35534.4	
35548.8	
35625.6	
35625.6	
35707.2	
35716.8	
35736	
35740.8	
35721.6	
35712	
35726.4	
35673.6	
35649.6	
35716.8	
35740.8	
35736	
35664	
35644.8	
35644.8	
35640	
35606.4	
35640	
35596.8	
35558.4	
35572.8	
35568	
35577.6	
35620.8	
35630.4	
35630.4	
35577.6	
35572.8	
35553.6	
35572.8	
35563.2	
35582.4	
35544	
35553.6	
35496	
35534.4	
35582.4	
35568	
35524.8	
35534.4	
35524.8	
35524.8	
35616	
35635.2	
35644.8	
35697.6	
35668.8	
35644.8	
35606.4	
35601.6	
35659.2	
35625.6	
35582.4	
35620.8	
35596.8	
35587.2	
35563.2	
35558.4	
35539.2	
35592	
35587.2	
35568	
35640	
35644.8	
35592	
35572.8	
35616	
35596.8	
35587.2	
35596.8	
35606.4	
35587.2	
35582.4	
35577.6	
35563.2	
35534.4	
35534.4	
35524.8	
35572.8	
35568	
35606.4	
35505.6	
35481.6	
35481.6	
35414.4	
35419.2	
35409.6	
35356.8	
35289.6	
35332.8	
35313.6	
35265.6	
35342.4	
35428.8	
35424	
35400	
35428.8	
35433.6	
35414.4	
35395.2	
35352	
35366.4	
35222.4	
35313.6	
35256	
35256	
35270.4	
35270.4	
35212.8	
35217.6	
35169.6	
35083.2	
35073.6	
35112	
35155.2	
35184	
35208	
35232	
35227.2	
35208	
35256	
35299.2	
35308.8	
35313.6	
35380.8	
35289.6	
35270.4	
35332.8	
35371.2	
35332.8	
35390.4	
35438.4	
35491.2	
35476.8	
35424	
35400	
35390.4	
35395.2	
35424	
35424	
35486.4	
35544	
35524.8	
35491.2	
35520	
35529.6	
35452.8	
35476.8	
35419.2	
35390.4	
35380.8	
35419.2	
35467.2	
35500.8	
35539.2	
35452.8	
35414.4	
35380.8	
35409.6	
35438.4	
35395.2	
35467.2	
35433.6	
35419.2	
35438.4	
35452.8	
35419.2	
35328	
35380.8	
35361.6	
35419.2	
35404.8	
35400	
35433.6	
35332.8	
35361.6	
35371.2	
35380.8	
35457.6	
35481.6	
35433.6	
35390.4	
35414.4	
35414.4	
35419.2	
35476.8	
35476.8	
35404.8	
35366.4	
35342.4	
35304	
35280	
35337.6	
35294.4	
35265.6	
35318.4	
35395.2	
35510.4	
35515.2	
35476.8	
35476.8	
35481.6	
35515.2	
35572.8	
35577.6	
35644.8	
35644.8	
35572.8	
35515.2	
35577.6	
35592	
35539.2	
35606.4	
35668.8	
35697.6	
35683.2	
35635.2	
35616	
35692.8	
35683.2	
35697.6	
35702.4	
35688	
35673.6	
35659.2	
35707.2	
35659.2	
35572.8	
35572.8	
35601.6	
35510.4	
35524.8	
35544	
35520	
35548.8	
35520	
35452.8	
35448	
35534.4	
35500.8	
35505.6	
35424	
35481.6	
35515.2	
35534.4	
35558.4	
35539.2	
35395.2	
35361.6	
35332.8	
35342.4	
35342.4	
35356.8	
35356.8	
35400	
35409.6	
35390.4	
35419.2	
35380.8	
35347.2	
35371.2	
35304	
35265.6	
35299.2	
35361.6	
35313.6	
35251.2	
35227.2	
35313.6	
35284.8	
35284.8	
35256	
35356.8	
35299.2	
35328	
35308.8	
35246.4	
35256	
35193.6	
35246.4	
35193.6	
35174.4	
35160	
35217.6	
35313.6	
35356.8	
35337.6	
35390.4	
35414.4	
35433.6	
35462.4	
35500.8	
35395.2	
35414.4	
35337.6	
35342.4	
35376	
35342.4	
35380.8	
35385.6	
35443.2	
35404.8	
35419.2	
35433.6	
35385.6	
35390.4	
35376	
35443.2	
35505.6	
35539.2	
35572.8	
35544	
35491.2	
35500.8	
35515.2	
35592	
35467.2	
35496	
35476.8	
35476.8	
35472	
35457.6	
35496	
35467.2	
35438.4	
35414.4	
35491.2	
35486.4	
35472	
35452.8	
35414.4	
35457.6	
35448	
35390.4	
35385.6	
35380.8	
35404.8	
35385.6	
35395.2	
35347.2	
35385.6	
35443.2	
35414.4	
35409.6	
35448	
35428.8	
35424	
35419.2	
35500.8	
35510.4	
35558.4	
35539.2	
35625.6	
35491.2	
35443.2	
35337.6	
35318.4	
35308.8	
35390.4	
35376	
35385.6	
35438.4	
35448	
35467.2	
35524.8	
35476.8	
35424	
35400	
35481.6	
35510.4	
35481.6	
35462.4	
35505.6	
35515.2	
35553.6	
35596.8	
35568	
35563.2	
35505.6	
35582.4	
35496	
35500.8	
35472	
35524.8	
35534.4	
35572.8	
35606.4	
35582.4	
35500.8	
35491.2	
35510.4	
35452.8	
35467.2	
35409.6	
35308.8	
35270.4	
35289.6	
35308.8	
35371.2	
35424	
35491.2	
35452.8	
35433.6	
35414.4	
35414.4	
35323.2	
35280	
35280	
35342.4	
35270.4	
35265.6	
35332.8	
35308.8	
35280	
35323.2	
35284.8	
35313.6	
35212.8	
35299.2	
35342.4	
35323.2	
35342.4	
35356.8	
35318.4	
35376	
35332.8	
35366.4	
35395.2	
35328	
35361.6	
35433.6	
35419.2	
35472	
35352	
35328	
35337.6	
35323.2	
35395.2	
35443.2	
35433.6	
35395.2	
35414.4	
35304	
35371.2	
35323.2	
35347.2	
35380.8	
35380.8	
35347.2	
35275.2	
35304	
35299.2	
35337.6	
35361.6	
35352	
35352	
35265.6	
35304	
35246.4	
35284.8	
35217.6	
35256	
35188.8	
35260.8	
35203.2	
35203.2	
35174.4	
35203.2	
35241.6	
35260.8	
35227.2	
35246.4	
35193.6	
35193.6	
35217.6	
35294.4	
35299.2	
35313.6	
35299.2	
35352	
35371.2	
35409.6	
35376	
35332.8	
35294.4	
35294.4	
35275.2	
35217.6	
35232	
35275.2	
35356.8	
35323.2	
35313.6	
35332.8	
35284.8	
35380.8	
35328	
35352	
35376	
35400	
35356.8	
35294.4	
35270.4	
35256	
35265.6	
35323.2	
35246.4	
35284.8	
35270.4	
35299.2	
35241.6	
35294.4	
35352	
35380.8	
35356.8	
35356.8	
35347.2	
35380.8	
35366.4	
35361.6	
35424	
35352	
35371.2	
35280	
35294.4	
35270.4	
35236.8	
35217.6	
35227.2	
35160	
35145.6	
35088	
35097.6	
35246.4	
35198.4	
35188.8	
35241.6	
35280	
35280	
35289.6	
35414.4	
35390.4	
35299.2	
35304	
35323.2	
35260.8	
35275.2	
35304	
35294.4	
35323.2	
35289.6	
35251.2	
35222.4	
35256	
35241.6	
35275.2	
35270.4	
35270.4	
35337.6	
35380.8	
35361.6	
35409.6	
35414.4	
35371.2	
35409.6	
35376	
35352	
35371.2	
35380.8	
35390.4	
35380.8	
35366.4	
35356.8	
35376	
35361.6	
35356.8	
35318.4	
35294.4	
35361.6	
35337.6	
35371.2	
35414.4	
35448	
35308.8	
35356.8	
35414.4	
35395.2	
35409.6	
35337.6	
35380.8	
35299.2	
35299.2	
35265.6	
35313.6	
35361.6	
35337.6	
35347.2	
35400	
35352	
35352	
35304	
35304	
35304	
35256	
35217.6	
35227.2	
35275.2	
35299.2	
35270.4	
35342.4	
35313.6	
35270.4	
35304	
35371.2	
35361.6	
35366.4	
35414.4	
35385.6	
35376	
35395.2	
35328	
35270.4	
35270.4	
35260.8	
35289.6	
35299.2	
35289.6	
35265.6	
35232	
35270.4	
35289.6	
35337.6	
35361.6	
35419.2	
35438.4	
35400	
35428.8	
35457.6	
35481.6	
35448	
35529.6	
35476.8	
35520	
35462.4	
35496	
35534.4	
35524.8	
35462.4	
35457.6	
35520	
35544	
35520	
35520	
35544	
35572.8	
35582.4	
35529.6	
35443.2	
35476.8	
35467.2	
35491.2	
35544	
35558.4	
35529.6	
35505.6	
35443.2	
35452.8	
35438.4	
35433.6	
35419.2	
35438.4	
35380.8	
35472	
35529.6	
35539.2	
35505.6	
35524.8	
35452.8	
35457.6	
35419.2	
35476.8	
35553.6	
35582.4	
35649.6	
35668.8	
35620.8	
35601.6	
35688	
35664	
35625.6	
35563.2	
35563.2	
35606.4	
35644.8	
35611.2	
35548.8	
35568	
35587.2	
35568	
35563.2	
35472	
35500.8	
35472	
35457.6	
35424	
35443.2	
35491.2	
35529.6	
35553.6	
35572.8	
35558.4	
35611.2	
35620.8	
35659.2	
35678.4	
35644.8	
35640	
35616	
35640	
35625.6	
35601.6	
35644.8	
35668.8	
35664	
35644.8	
35678.4	
35683.2	
35649.6	
35587.2	
35553.6	
35596.8	
35611.2	
35577.6	
35587.2	
35568	
35529.6	
35515.2	
35443.2	
35467.2	
35496	
35500.8	
35419.2	
35419.2	
35476.8	
35553.6	
35640	
35654.4	
35582.4	
35558.4	
35572.8	
35563.2	
35544	
35548.8	
35515.2	
35529.6	
35563.2	
35649.6	
35616	
35592	
35664	
35659.2	
35664	
35731.2	
35779.2	
35764.8	
35668.8	
35692.8	
35683.2	
35712	
35712	
35697.6	
35716.8	
35716.8	
35712	
35620.8	
35606.4	
35548.8	
35534.4	
35534.4	
35510.4	
35467.2	
35448	
35510.4	
35500.8	
35505.6	
35424	
35491.2	
35457.6	
35505.6	
35553.6	
35563.2	
35568	
35630.4	
35635.2	
35640	
35568	
35524.8	
35433.6	
35448	
35400	
35347.2	
35304	
35256	
35294.4	
35304	
35328	
35342.4	
35294.4	
35342.4	
35347.2	
35323.2	
35275.2	
35294.4	
35256	
35160	
35155.2	
35068.8	
35107.2	
35073.6	
35078.4	
35112	
35145.6	
35107.2	
35068.8	
35121.6	
35092.8	
35131.2	
35126.4	
35116.8	
35126.4	
35116.8	
35126.4	
35184	
35203.2	
35203.2	
35155.2	
35198.4	
35246.4	
35275.2	
35289.6	
35284.8	
35313.6	
35332.8	
35328	
35371.2	
35376	
35380.8	
35400	
35361.6	
35448	
35539.2	
35558.4	
35472	
35380.8	
35371.2	
35356.8	
35409.6	
35347.2	
35304	
35352	
35347.2	
35304	
35323.2	
35366.4	
35361.6	
35337.6	
35332.8	
35337.6	
35400	
35448	
35472	
35500.8	
35428.8	
35452.8	
35404.8	
35400	
35414.4	
35409.6	
35476.8	
35400	
35433.6	
35438.4	
35448	
35457.6	
35510.4	
35419.2	
35448	
35510.4	
35544	
35601.6	
35558.4	
35572.8	
35553.6	
35534.4	
35539.2	
35524.8	
35548.8	
35553.6	
35596.8	
35620.8	
35644.8	
35664	
35716.8	
35644.8	
35640	
35659.2	
35740.8	
35673.6	
35630.4	
35640	
35630.4	
35611.2	
35616	
35601.6	
35520	
35510.4	
35548.8	
35539.2	
35548.8	
35529.6	
35539.2	
35467.2	
35524.8	
35496	
35496	
35486.4	
35611.2	
35592	
35587.2	
35529.6	
35625.6	
35659.2	
35697.6	
35740.8	
35774.4	
35803.2	
35803.2	
35817.6	
35779.2	
35808	
35860.8	
35817.6	
35721.6	
35678.4	
35668.8	
35760	
35817.6	
35856	
35798.4	
35779.2	
35736	
35630.4	
35630.4	
35620.8	
35592	
35548.8	
35606.4	
35592	
35683.2	
35712	
35707.2	
35716.8	
35702.4	
35712	
35716.8	
35630.4	
35630.4	
35620.8	
35697.6	
35683.2	
35755.2	
35755.2	
35731.2	
35683.2	
35664	
35707.2	
35625.6	
35563.2	
35577.6	
35592	
35620.8	
35563.2	
35587.2	
35616	
35606.4	
35577.6	
35644.8	
35659.2	
35692.8	
35692.8	
35673.6	
35606.4	
35568	
35572.8	
35539.2	
35563.2	
35534.4	
35553.6	
35678.4	
35692.8	
35697.6	
35688	
35654.4	
35712	
35726.4	
35712	
35774.4	
35716.8	
35668.8	
35668.8	
35568	
35568	
35572.8	
35472	
35371.2	
35428.8	
35342.4	
35328	
35323.2	
35289.6	
35328	
35395.2	
35352	
35356.8	
35366.4	
35332.8	
35313.6	
35323.2	
35371.2	
35366.4	
35448	
35414.4	
35462.4	
35472	
35385.6	
35332.8	
35385.6	
35400	
35424	
35457.6	
35481.6	
35472	
35424	
35428.8	
35371.2	
35361.6	
35395.2	
35419.2	
35361.6	
35256	
35342.4	
35395.2	
35318.4	
35385.6	
35390.4	
35356.8	
35246.4	
35251.2	
35304	
35299.2	
35241.6	
35275.2	
35280	
35289.6	
35260.8	
35270.4	
35313.6	
35318.4	
35256	
35265.6	
35308.8	
35318.4	
35318.4	
35376	
35448	
35428.8	
35414.4	
35472	
35539.2	
35572.8	
35515.2	
35520	
35563.2	
35534.4	
35539.2	
35539.2	
35500.8	
35486.4	
35500.8	
35539.2	
35539.2	
35500.8	
35404.8	
35380.8	
35304	
35308.8	
35265.6	
35352	
35414.4	
35400	
35376	
35304	
35376	
35400	
35395.2	
35438.4	
35452.8	
35486.4	
35486.4	
35505.6	
35582.4	
35635.2	
35529.6	
35534.4	
35596.8	
35635.2	
35649.6	
35611.2	
35640	
35625.6	
35611.2	
35654.4	
35625.6	
35688	
35683.2	
35692.8	
35649.6	
35620.8	
35563.2	
35510.4	
35491.2	
35544	
35596.8	
35563.2	
35568	
35577.6	
35577.6	
35563.2	
35529.6	
35515.2	
35587.2	
35496	
35524.8	
35457.6	
35505.6	
35587.2	
35702.4	
35649.6	
35649.6	
35654.4	
35548.8	
35558.4	
35572.8	
35611.2	
35649.6	
35683.2	
35644.8	
35673.6	
35716.8	
35712	
35731.2	
35702.4	
35716.8	
35668.8	
35692.8	
35707.2	
35668.8	
35640	
35640	
35606.4	
35611.2	
35601.6	
35640	
35668.8	
35683.2	
35611.2	
35630.4	
35649.6	
35635.2	
35712	
35774.4	
35750.4	
35702.4	
35716.8	
35683.2	
35620.8	
35524.8	
35625.6	
35596.8	
35592	
35534.4	
35515.2	
35553.6	
35548.8	
35520	
35452.8	
35433.6	
35515.2	
35467.2	
35424	
35395.2	
35380.8	
35457.6	
35448	
35472	
35452.8	
35419.2	
35548.8	
35548.8	
35553.6	
35520	
35524.8	
35496	
35515.2	
35395.2	
35304	
35342.4	
35328	
35342.4	
35400	
35457.6	
35409.6	
35342.4	
35409.6	
35419.2	
35428.8	
35481.6	
35481.6	
35496	
35419.2	
35366.4	
35448	
35476.8	
35476.8	
35486.4	
35510.4	
35529.6	
35544	
35467.2	
35486.4	
35486.4	
35500.8	
35476.8	
35457.6	
35443.2	
35481.6	
35544	
35568	
35553.6	
35587.2	
35577.6	
35520	
35443.2	
35510.4	
35443.2	
35380.8	
35371.2	
35376	
35438.4	
35452.8	
35361.6	
35356.8	
35462.4	
35520	
35568	
35582.4	
35520	
35529.6	
35491.2	
35448	
35443.2	
35452.8	
35419.2	
35385.6	
35448	
35486.4	
35452.8	
35462.4	
35457.6	
35443.2	
35529.6	
35539.2	
35529.6	
35457.6	
35467.2	
35457.6	
35472	
35462.4	
35491.2	
35366.4	
35428.8	
35404.8	
35361.6	
35342.4	
35390.4	
35414.4	
35356.8	
35328	
35323.2	
35313.6	
35265.6	
35256	
35203.2	
35280	
35188.8	
35174.4	
35179.2	
35203.2	
35155.2	
35208	
35222.4	
35155.2	
35222.4	
35270.4	
35246.4	
35179.2	
35121.6	
35092.8	
35126.4	
35107.2	
35088	
35078.4	
35044.8	
35112	
35150.4	
35193.6	
35203.2	
35092.8	
35174.4	
35256	
35270.4	
35308.8	
35280	
35299.2	
35304	
35347.2	
35280	
35356.8	
35352	
35371.2	
35352	
35342.4	
35376	
35414.4	
35553.6	
35582.4	
35520	
35438.4	
35409.6	
35361.6	
35361.6	
35404.8	
35419.2	
35428.8	
35356.8	
35376	
35308.8	
35352	
35414.4	
35390.4	
35404.8	
35428.8	
35433.6	
35428.8	
35390.4	
35443.2	
35400	
35428.8	
35481.6	
35529.6	
35548.8	
35625.6	
35625.6	
35558.4	
35553.6	
35505.6	
35476.8	
35452.8	
35419.2	
35448	
35400	
35424	
35472	
35424	
35371.2	
35376	
35400	
35380.8	
35342.4	
35414.4	
35409.6	
35424	
35476.8	
35428.8	
35419.2	
35414.4	
35462.4	
35404.8	
35380.8	
35376	
35452.8	
35385.6	
35462.4	
35481.6	
35568	
35688	
35644.8	
35582.4	
35548.8	
35587.2	
35457.6	
35472	
35510.4	
35462.4	
35409.6	
35510.4	
35529.6	
35496	
35491.2	
35476.8	
35520	
35500.8	
35486.4	
35539.2	
35601.6	
35577.6	
35592	
35539.2	
35606.4	
35596.8	
35692.8	
35774.4	
35808	
35865.6	
35836.8	
35846.4	
35808	
35860.8	
35836.8	
35904	
35908.8	
35932.8	
35870.4	
35899.2	
35942.4	
35985.6	
35923.2	
35894.4	
35894.4	
35894.4	
35884.8	
35875.2	
35846.4	
35827.2	
35846.4	
35788.8	
35755.2	
35784	
35779.2	
35784	
35808	
35764.8	
35769.6	
35707.2	
35721.6	
35721.6	
35745.6	
35784	
35736	
35683.2	
35683.2	
35745.6	
35750.4	
35779.2	
35745.6	
35760	
35702.4	
35692.8	
35726.4	
35697.6	
35755.2	
35788.8	
35721.6	
35726.4	
35750.4	
35721.6	
35736	
35692.8	
35712	
35760	
35702.4	
35649.6	
35692.8	
35640	
35673.6	
35640	
35572.8	
35563.2	
35620.8	
35572.8	
35548.8	
35539.2	
35428.8	
35424	
35390.4	
35452.8	
35462.4	
35496	
35505.6	
35524.8	
35558.4	
35563.2	
35544	
35524.8	
35596.8	
35592	
35558.4	
35520	
35582.4	
35611.2	
35620.8	
35630.4	
35625.6	
35606.4	
35678.4	
35788.8	
35760	
35692.8	
35644.8	
35649.6	
35692.8	
35740.8	
35692.8	
35697.6	
35688	
35721.6	
35683.2	
35664	
35692.8	
35721.6	
35697.6	
35697.6	
35736	
35755.2	
35755.2	
35683.2	
35601.6	
35707.2	
35707.2	
35712	
35740.8	
35707.2	
35692.8	
35688	
35712	
35659.2	
35659.2	
35716.8	
35668.8	
35668.8	
35673.6	
35692.8	
35750.4	
35812.8	
35803.2	
35745.6	
35812.8	
35836.8	
35784	
35750.4	
35764.8	
35827.2	
35836.8	
35884.8	
35832	
35774.4	
35716.8	
35760	
35692.8	
35640	
35625.6	
35625.6	
35644.8	
35635.2	
35659.2	
35587.2	
35510.4	
35505.6	
35457.6	
35448	
35457.6	
35505.6	
35558.4	
35524.8	
35539.2	
35520	
35548.8	
35544	
35563.2	
35582.4	
35572.8	
35601.6	
35678.4	
35678.4	
35692.8	
35721.6	
35726.4	
35712	
35712	
35678.4	
35745.6	
35731.2	
35707.2	
35683.2	
35678.4	
35640	
35544	
35524.8	
35529.6	
35520	
35534.4	
35563.2	
35520	
35448	
35481.6	
35558.4	
35582.4	
35510.4	
35491.2	
35443.2	
35467.2	
35558.4	
35524.8	
35529.6	
35572.8	
35572.8	
35587.2	
35592	
35534.4	
35606.4	
35572.8	
35577.6	
35625.6	
35635.2	
35534.4	
35448	
35438.4	
35515.2	
35544	
35548.8	
35606.4	
35668.8	
35673.6	
35659.2	
35678.4	
35659.2	
35659.2	
35563.2	
35476.8	
35520	
35481.6	
35548.8	
35587.2	
35524.8	
35548.8	
35611.2	
35592	
35587.2	
35611.2	
35654.4	
35630.4	
35635.2	
35688	
35644.8	
35596.8	
35553.6	
35515.2	
35472	
35467.2	
35486.4	
35553.6	
35548.8	
35433.6	
35438.4	
35491.2	
35457.6	
35457.6	
35404.8	
35443.2	
35414.4	
35414.4	
35366.4	
35409.6	
35380.8	
35404.8	
35419.2	
35294.4	
35371.2	
35366.4	
35419.2	
35395.2	
35356.8	
35404.8	
35457.6	
35520	
35505.6	
35563.2	
35548.8	
35486.4	
35529.6	
35558.4	
35616	
35635.2	
35592	
35582.4	
35529.6	
35539.2	
35558.4	
35592	
35606.4	
35668.8	
35668.8	
35731.2	
35683.2	
35644.8	
35654.4	
35668.8	
35620.8	
35625.6	
35688	
35640	
35644.8	
35673.6	
35635.2	
35640	
35688	
35649.6	
35616	
35630.4	
35635.2	
35601.6	
35496	
35520	
35563.2	
35529.6	
35544	
35544	
35582.4	
35601.6	
35596.8	
35601.6	
35563.2	
35510.4	
35491.2	
35476.8	
35414.4	
35486.4	
35448	
35404.8	
35400	
35419.2	
35424	
35404.8	
35265.6	
35270.4	
35212.8	
35217.6	
35169.6	
35188.8	
35246.4	
35126.4	
35164.8	
35174.4	
35193.6	
35241.6	
35217.6	
35179.2	
35246.4	
35275.2	
35289.6	
35280	
35260.8	
35256	
35342.4	
35380.8	
35395.2	
35400	
35424	
35428.8	
35308.8	
35284.8	
35313.6	
35299.2	
35347.2	
35313.6	
35308.8	
35270.4	
35318.4	
35265.6	
35280	
35342.4	
35366.4	
35342.4	
35404.8	
35395.2	
35342.4	
35385.6	
35419.2	
35472	
35467.2	
35409.6	
35356.8	
35356.8	
35342.4	
35304	
35342.4	
35284.8	
35380.8	
35395.2	
35366.4	
35385.6	
35419.2	
35428.8	
35428.8	
35438.4	
35452.8	
35467.2	
35438.4	
35452.8	
35457.6	
35424	
35457.6	
35428.8	
35332.8	
35328	
35352	
35380.8	
35294.4	
35265.6	
35347.2	
35395.2	
35496	
35491.2	
35448	
35428.8	
35400	
35390.4	
35443.2	
35395.2	
35438.4	
35424	
35395.2	
35500.8	
35409.6	
35414.4	
35438.4	
35496	
35496	
35520	
35496	
35467.2	
35568	
35611.2	
35568	
35553.6	
35587.2	
35659.2	
35596.8	
35572.8	
35644.8	
35620.8	
35654.4	
35568	
35510.4	
35587.2	
35587.2	
35620.8	
35601.6	
35558.4	
35558.4	
35500.8	
35529.6	
35486.4	
35500.8	
35520	
35496	
35448	
35428.8	
35457.6	
35448	
35539.2	
35587.2	
35548.8	
35563.2	
35500.8	
35544	
35587.2	
35616	
35697.6	
35707.2	
35649.6	
35611.2	
35668.8	
35649.6	
35716.8	
35668.8	
35630.4	
35673.6	
35659.2	
35544	
35553.6	
35553.6	
35520	
35539.2	
35587.2	
35635.2	
35572.8	
35496	
35587.2	
35548.8	
35572.8	
35539.2	
35553.6	
35500.8	
35539.2	
35515.2	
35438.4	
35385.6	
35419.2	
35515.2	
35476.8	
35467.2	
35539.2	
35659.2	
35683.2	
35692.8	
35678.4	
35635.2	
35611.2	
35601.6	
35596.8	
35644.8	
35654.4	
35649.6	
35606.4	
35572.8	
35582.4	
35539.2	
35524.8	
35582.4	
35491.2	
35462.4	
35452.8	
35500.8	
35539.2	
35505.6	
35524.8	
35467.2	
35491.2	
35496	
35500.8	
35505.6	
35524.8	
35548.8	
35611.2	
35582.4	
35548.8	
35544	
35568	
35529.6	
35572.8	
35620.8	
35616	
35577.6	
35592	
35534.4	
35548.8	
35654.4	
35654.4	
35731.2	
35611.2	
35592	
35611.2	
35587.2	
35659.2	
35625.6	
35592	
35630.4	
35697.6	
35664	
35659.2	
35582.4	
35534.4	
35500.8	
35539.2	
35548.8	
35544	
35577.6	
35606.4	
35601.6	
35582.4	
35640	
35630.4	
35625.6	
35702.4	
35712	
35740.8	
35745.6	
35764.8	
35731.2	
35707.2	
35731.2	
35716.8	
35716.8	
35740.8	
35688	
35654.4	
35620.8	
35635.2	
35692.8	
35630.4	
35640	
35649.6	
35644.8	
35630.4	
35683.2	
35707.2	
35659.2	
35635.2	
35635.2	
35683.2	
35592	
35553.6	
35496	
35524.8	
35505.6	
35558.4	
35500.8	
35496	
35544	
35529.6	
35486.4	
35524.8	
35462.4	
35500.8	
35428.8	
35390.4	
35400	
35462.4	
35467.2	
35520	
35486.4	
35457.6	
35505.6	
35443.2	
35371.2	
35424	
35452.8	
35448	
35491.2	
35390.4	
35443.2	
35462.4	
35448	
35496	
35491.2	
35448	
35472	
35443.2	
35352	
35457.6	
35534.4	
35524.8	
35544	
35553.6	
35568	
35505.6	
35524.8	
35539.2	
35520	
35601.6	
35630.4	
35625.6	
35539.2	
35606.4	
35611.2	
35572.8	
35630.4	
35678.4	
35640	
35664	
35654.4	
35587.2	
35620.8	
35568	
35572.8	
35606.4	
35587.2	
35539.2	
35611.2	
35620.8	
35563.2	
35544	
35529.6	
35620.8	
35630.4	
35620.8	
35620.8	
35606.4	
35654.4	
35587.2	
35592	
35620.8	
35616	
35630.4	
35659.2	
35683.2	
35678.4	
35616	
35558.4	
35587.2	
35544	
35496	
35534.4	
35611.2	
35616	
35563.2	
35544	
35563.2	
35601.6	
35548.8	
35587.2	
35558.4	
35572.8	
35534.4	
35520	
35539.2	
35510.4	
35496	
35452.8	
35510.4	
35491.2	
35481.6	
35500.8	
35568	
35587.2	
35544	
35592	
35572.8	
35539.2	
35515.2	
35582.4	
35611.2	
35707.2	
35664	
35673.6	
35640	
35606.4	
35620.8	
35668.8	
35683.2	
35688	
35707.2	
35702.4	
35673.6	
35678.4	
35688	
35644.8	
35712	
35731.2	
35721.6	
35740.8	
35721.6	
35683.2	
35668.8	
35539.2	
35452.8	
35390.4	
35457.6	
35404.8	
35448	
35433.6	
35462.4	
35409.6	
35433.6	
35376	
35424	
35476.8	
35400	
35443.2	
35428.8	
35457.6	
35515.2	
35481.6	
35534.4	
35582.4	
35582.4	
35592	
35568	
35491.2	
35515.2	
35548.8	
35601.6	
35688	
35673.6	
35630.4	
35683.2	
35668.8	
35664	
35606.4	
35534.4	
35572.8	
35568	
35529.6	
35572.8	
35563.2	
35496	
35611.2	
35640	
35616	
35572.8	
35510.4	
35529.6	
35529.6	
35563.2	
35500.8	
35515.2	
35553.6	
35563.2	
35568	
35500.8	
35534.4	
35620.8	
35587.2	
35601.6	
35625.6	
35635.2	
35649.6	
35544	
35491.2	
35515.2	
35553.6	
35500.8	
35457.6	
35515.2	
35524.8	
35544	
35539.2	
35524.8	
35616	
35577.6	
35616	
35577.6	
35640	
35539.2	
35582.4	
35601.6	
35587.2	
35534.4	
35563.2	
35577.6	
35582.4	
35620.8	
35611.2	
35553.6	
35539.2	
35505.6	
35457.6	
35356.8	
35443.2	
35342.4	
35323.2	
35342.4	
35318.4	
35390.4	
35433.6	
35467.2	
35424	
35424	
35448	
35428.8	
35424	
35467.2	
35433.6	
35424	
35414.4	
35376	
35443.2	
35448	
35419.2	
35443.2	
35395.2	
35424	
35457.6	
35457.6	
35548.8	
35558.4	
35582.4	
35587.2	
35577.6	
35520	
35548.8	
35601.6	
35572.8	
35635.2	
35625.6	
35659.2	
35664	
35630.4	
35611.2	
35582.4	
35558.4	
35534.4	
35534.4	
35496	
35524.8	
35577.6	
35592	
35625.6	
35654.4	
35721.6	
35707.2	
35683.2	
35664	
35692.8	
35654.4	
35692.8	
35683.2	
35659.2	
35630.4	
35716.8	
35736	
35731.2	
35750.4	
35793.6	
35774.4	
35755.2	
35750.4	
35740.8	
35688	
35692.8	
35640	
35644.8	
35649.6	
35596.8	
35649.6	
35616	
35553.6	
35558.4	
35616	
35563.2	
35558.4	
35596.8	
35500.8	
35462.4	
35433.6	
35452.8	
35462.4	
35496	
35534.4	
35544	
35563.2	
35524.8	
35481.6	
35548.8	
35539.2	
35510.4	
35520	
35606.4	
35616	
35620.8	
35620.8	
35596.8	
35568	
35577.6	
35587.2	
35568	
35568	
35524.8	
35548.8	
35539.2	
35539.2	
35529.6	
35563.2	
35568	
35558.4	
35544	
35529.6	
35544	
35520	
35510.4	
35462.4	
35505.6	
35529.6	
35520	
35601.6	
35664	
35740.8	
35745.6	
35822.4	
35798.4	
35784	
35784	
35779.2	
35697.6	
35688	
35683.2	
35659.2	
35721.6	
35726.4	
35697.6	
35659.2	
35683.2	
35587.2	
35544	
35524.8	
35496	
35443.2	
35462.4	
35433.6	
35467.2	
35409.6	
35491.2	
35476.8	
35443.2	
35390.4	
35356.8	
35337.6	
35352	
35313.6	
35318.4	
35275.2	
35395.2	
35395.2	
35395.2	
35462.4	
35371.2	
35400	
35318.4	
35347.2	
35337.6	
35342.4	
35380.8	
35395.2	
35366.4	
35390.4	
35356.8	
35390.4	
35366.4	
35433.6	
35515.2	
35515.2	
35544	
35515.2	
35572.8	
35510.4	
35592	
35577.6	
35572.8	
35582.4	
35611.2	
35534.4	
35500.8	
35563.2	
35592	
35572.8	
35520	
35558.4	
35496	
35462.4	
35448	
35476.8	
35496	
35572.8	
35563.2	
35553.6	
35601.6	
35505.6	
35500.8	
35486.4	
35505.6	
35505.6	
35452.8	
35520	
35544	
35630.4	
35668.8	
35644.8	
35596.8	
35568	
35606.4	
35644.8	
35664	
35673.6	
35736	
35692.8	
35668.8	
35640	
35640	
35640	
35668.8	
35587.2	
35592	
35548.8	
35534.4	
35505.6	
35529.6	
35534.4	
35524.8	
35548.8	
35582.4	
35596.8	
35572.8	
35630.4	
35678.4	
35769.6	
35760	
35721.6	
35635.2	
35611.2	
35601.6	
35606.4	
35640	
35659.2	
35673.6	
35625.6	
35649.6	
35673.6	
35668.8	
35596.8	
35539.2	
35587.2	
35620.8	
35630.4	
35644.8	
35596.8	
35491.2	
35481.6	
35496	
35496	
35467.2	
35419.2	
35366.4	
35428.8	
35500.8	
35433.6	
35457.6	
35510.4	
35424	
35380.8	
35371.2	
35448	
35520	
35529.6	
35476.8	
35476.8	
35505.6	
35544	
35558.4	
35640	
35582.4	
35592	
35572.8	
35587.2	
35563.2	
35548.8	
35558.4	
35553.6	
35496	
35515.2	
35587.2	
35577.6	
35611.2	
35630.4	
35678.4	
35644.8	
35649.6	
35673.6	
35712	
35640	
35635.2	
35592	
35491.2	
35577.6	
35568	
35558.4	
35577.6	
35654.4	
35635.2	
35673.6	
35616	
35635.2	
35673.6	
35716.8	
35678.4	
35644.8	
35649.6	
35668.8	
35668.8	
35683.2	
35688	
35644.8	
35668.8	
35625.6	
35596.8	
35491.2	
35443.2	
35443.2	
35414.4	
35424	
35428.8	
35462.4	
35409.6	
35361.6	
35395.2	
35313.6	
35366.4	
35428.8	
35419.2	
35385.6	
35361.6	
35275.2	
35337.6	
35332.8	
35366.4	
35438.4	
35448	
35428.8	
35366.4	
35356.8	
35356.8	
35371.2	
35385.6	
35352	
35313.6	
35256	
35251.2	
35236.8	
35217.6	
35236.8	
35256	
35299.2	
35428.8	
35414.4	
35467.2	
35433.6	
35505.6	
35534.4	
35558.4	
35520	
35572.8	
35582.4	
35577.6	
35582.4	
35601.6	
35572.8	
35544	
35529.6	
35462.4	
35500.8	
35424	
35414.4	
35395.2	
35337.6	
35280	
35308.8	
35289.6	
35212.8	
35270.4	
35356.8	
35385.6	
35366.4	
35332.8	
35332.8	
35323.2	
35318.4	
35332.8	
35328	
35347.2	
35328	
35371.2	
35376	
35332.8	
35400	
35404.8	
35361.6	
35251.2	
35337.6	
35313.6	
35308.8	
35366.4	
35462.4	
35467.2	
35409.6	
35366.4	
35380.8	
35385.6	
35400	
35347.2	
35323.2	
35304	
35265.6	
35356.8	
35380.8	
35380.8	
35385.6	
35476.8	
35510.4	
35476.8	
35443.2	
35496	
35558.4	
35496	
35496	
35534.4	
35558.4	
35500.8	
35486.4	
35520	
35524.8	
35520	
35577.6	
35563.2	
35486.4	
35472	
35524.8	
35563.2	
35563.2	
35601.6	
35606.4	
35462.4	
35462.4	
35452.8	
35496	
35563.2	
35520	
35510.4	
35539.2	
35548.8	
35548.8	
35568	
35563.2	
35515.2	
35520	
35577.6	
35616	
35606.4	
35625.6	
35716.8	
35702.4	
35716.8	
35712	
35688	
35688	
35683.2	
35726.4	
35688	
35716.8	
35620.8	
35673.6	
35755.2	
35808	
35793.6	
35736	
35755.2	
35774.4	
35745.6	
35707.2	
35673.6	
35683.2	
35726.4	
35764.8	
35750.4	
35760	
35750.4	
35784	
35817.6	
35817.6	
35832	
35755.2	
35731.2	
35769.6	
35750.4	
35736	
35716.8	
35688	
35731.2	
35654.4	
35668.8	
35673.6	
35664	
35659.2	
35640	
35707.2	
35736	
35726.4	
35664	
35692.8	
35692.8	
35673.6	
35659.2	
35630.4	
35606.4	
35616	
35548.8	
35539.2	
35582.4	
35534.4	
35524.8	
35515.2	
35544	
35568	
35534.4	
35457.6	
35472	
35404.8	
35438.4	
35534.4	
35486.4	
35433.6	
35428.8	
35376	
35380.8	
35371.2	
35342.4	
35409.6	
35385.6	
35352	
35265.6	
35174.4	
35184	
35145.6	
35126.4	
35188.8	
35212.8	
35179.2	
35198.4	
35208	
35208	
35270.4	
35323.2	
35318.4	
35313.6	
35419.2	
35443.2	
35486.4	
35524.8	
35376	
35356.8	
35236.8	
35217.6	
35275.2	
35313.6	
35452.8	
35390.4	
35356.8	
35414.4	
35395.2	
35304	
35304	
35304	
35371.2	
35404.8	
35376	
35361.6	
35332.8	
35318.4	
35251.2	
35270.4	
35169.6	
35212.8	
35270.4	
35299.2	
35328	
35366.4	
35380.8	
35366.4	
35424	
35366.4	
35428.8	
35376	
35414.4	
35409.6	
35366.4	
35356.8	
35356.8	
35332.8	
35337.6	
35409.6	
35467.2	
35491.2	
35443.2	
35424	
35376	
35424	
35419.2	
35419.2	
35395.2	
35424	
35414.4	
35390.4	
35400	
35433.6	
35361.6	
35337.6	
35337.6	
35289.6	
35284.8	
35323.2	
35342.4	
35452.8	
35500.8	
35563.2	
35534.4	
35534.4	
35544	
35534.4	
35592	
35606.4	
35620.8	
35611.2	
35640	
35654.4	
35688	
35731.2	
35635.2	
35568	
35606.4	
35649.6	
35692.8	
35702.4	
35668.8	
35659.2	
35664	
35649.6	
35673.6	
35707.2	
35668.8	
35673.6	
35683.2	
35668.8	
35611.2	
35635.2	
35659.2	
35649.6	
35500.8	
35462.4	
35452.8	
35467.2	
35419.2	
35452.8	
35457.6	
35491.2	
35520	
35524.8	
35611.2	
35620.8	
35592	
35611.2	
35659.2	
35697.6	
35640	
35620.8	
35592	
35577.6	
35505.6	
35496	
35457.6	
35409.6	
35419.2	
35371.2	
35390.4	
35390.4	
35376	
35294.4	
35356.8	
35409.6	
35400	
35376	
35342.4	
35385.6	
35414.4	
35452.8	
35472	
35524.8	
35548.8	
35520	
35553.6	
35582.4	
35635.2	
35644.8	
35644.8	
35692.8	
35664	
35697.6	
35721.6	
35731.2	
35635.2	
35572.8	
35577.6	
35644.8	
35635.2	
35601.6	
35625.6	
35553.6	
35486.4	
35481.6	
35553.6	
35529.6	
35438.4	
35505.6	
35548.8	
35611.2	
35630.4	
35640	
35563.2	
35572.8	
35678.4	
35606.4	
35601.6	
35568	
35520	
35443.2	
35433.6	
35467.2	
35462.4	
35424	
35342.4	
35332.8	
35361.6	
35318.4	
35328	
35385.6	
35433.6	
35462.4	
35500.8	
35476.8	
35452.8	
35500.8	
35539.2	
35481.6	
35515.2	
35582.4	
35601.6	
35630.4	
35668.8	
35726.4	
35716.8	
35697.6	
35673.6	
35630.4	
35616	
35601.6	
35582.4	
35616	
35659.2	
35688	
35616	
35635.2	
35625.6	
35568	
35534.4	
35572.8	
35568	
35630.4	
35582.4	
35563.2	
35481.6	
35529.6	
35544	
35496	
35476.8	
35476.8	
35419.2	
35419.2	
35419.2	
35409.6	
35457.6	
35481.6	
35529.6	
35558.4	
35606.4	
35620.8	
35606.4	
35616	
35601.6	
35640	
35630.4	
35635.2	
35640	
35625.6	
35640	
35635.2	
35654.4	
35668.8	
35692.8	
35688	
35664	
35568	
35548.8	
35558.4	
35524.8	
35568	
35553.6	
35529.6	
35529.6	
35515.2	
35476.8	
35620.8	
35520	
35601.6	
35611.2	
35587.2	
35592	
35577.6	
35601.6	
35534.4	
35515.2	
35476.8	
35491.2	
35510.4	
35472	
35404.8	
35424	
35438.4	
35505.6	
35510.4	
35438.4	
35419.2	
35438.4	
35443.2	
35448	
35448	
35414.4	
35409.6	
35380.8	
35395.2	
35376	
35400	
35400	
35424	
35414.4	
35428.8	
35476.8	
35409.6	
35366.4	
35313.6	
35356.8	
35337.6	
35352	
35332.8	
35280	
35328	
35284.8	
35390.4	
35419.2	
35467.2	
35462.4	
35529.6	
35558.4	
35476.8	
35524.8	
35496	
35467.2	
35476.8	
35452.8	
35467.2	
35505.6	
35481.6	
35486.4	
35467.2	
35524.8	
35539.2	
35548.8	
35553.6	
35515.2	
35572.8	
35568	
35548.8	
35481.6	
35496	
35448	
35385.6	
35409.6	
35385.6	
35356.8	
35342.4	
35376	
35347.2	
35323.2	
35323.2	
35323.2	
35356.8	
35414.4	
35361.6	
35342.4	
35275.2	
35289.6	
35304	
35265.6	
35275.2	
35289.6	
35212.8	
35318.4	
35347.2	
35428.8	
35443.2	
35428.8	
35419.2	
35534.4	
35534.4	
35548.8	
35534.4	
35524.8	
35496	
35462.4	
35400	
35433.6	
35467.2	
35505.6	
35553.6	
35486.4	
35462.4	
35448	
35476.8	
35452.8	
35539.2	
35620.8	
35630.4	
35635.2	
35620.8	
35577.6	
35601.6	
35616	
35553.6	
35500.8	
35481.6	
35529.6	
35582.4	
35572.8	
35544	
35601.6	
35544	
35539.2	
35563.2	
35510.4	
35524.8	
35472	
35472	
35414.4	
35443.2	
35486.4	
35539.2	
35553.6	
35539.2	
35496	
35548.8	
35587.2	
35630.4	
35664	
35601.6	
35678.4	
35683.2	
35611.2	
35606.4	
35606.4	
35654.4	
35625.6	
35601.6	
35640	
35601.6	
35664	
35601.6	
35592	
35568	
35572.8	
35529.6	
35496	
35510.4	
35428.8	
35448	
35414.4	
35448	
35467.2	
35452.8	
35404.8	
35419.2	
35414.4	
35443.2	
35438.4	
35452.8	
35486.4	
35500.8	
35520	
35486.4	
35500.8	
35496	
35472	
35414.4	
35380.8	
35390.4	
35457.6	
35481.6	
35452.8	
35438.4	
35428.8	
35361.6	
35380.8	
35337.6	
35376	
35308.8	
35304	
35356.8	
35337.6	
35318.4	
35304	
35304	
35342.4	
35409.6	
35428.8	
35419.2	
35452.8	
35486.4	
35448	
35443.2	
35462.4	
35424	
35438.4	
35419.2	
35491.2	
35400	
35443.2	
35356.8	
35467.2	
35395.2	
35390.4	
35318.4	
35376	
35395.2	
35380.8	
35409.6	
35438.4	
35505.6	
35544	
35592	
35620.8	
35587.2	
35640	
35635.2	
35606.4	
35654.4	
35611.2	
35592	
35524.8	
35524.8	
35496	
35433.6	
35419.2	
35476.8	
35491.2	
35524.8	
35548.8	
35515.2	
35500.8	
35515.2	
35553.6	
35572.8	
35596.8	
35640	
35616	
35587.2	
35611.2	
35548.8	
35563.2	
35544	
35510.4	
35462.4	
35476.8	
35486.4	
35452.8	
35438.4	
35380.8	
35352	
35404.8	
35472	
35424	
35414.4	
35352	
35404.8	
35395.2	
35376	
35356.8	
35433.6	
35424	
35419.2	
35366.4	
35385.6	
35366.4	
35352	
35380.8	
35347.2	
35313.6	
35246.4	
35294.4	
35294.4	
35270.4	
35284.8	
35246.4	
35164.8	
35212.8	
35270.4	
35236.8	
35203.2	
35236.8	
35193.6	
35169.6	
35193.6	
35227.2	
35265.6	
35294.4	
35289.6	
35227.2	
35308.8	
35376	
35280	
35308.8	
35308.8	
35313.6	
35347.2	
35400	
35318.4	
35342.4	
35380.8	
35366.4	
35332.8	
35356.8	
35366.4	
35395.2	
35462.4	
35539.2	
35500.8	
35457.6	
35515.2	
35467.2	
35563.2	
35640	
35635.2	
35664	
35716.8	
35697.6	
35716.8	
35760	
35716.8	
35774.4	
35836.8	
35860.8	
35899.2	
35913.6	
35860.8	
35860.8	
35851.2	
35817.6	
35798.4	
35803.2	
35731.2	
35736	
35721.6	
35712	
35692.8	
35760	
35798.4	
35745.6	
35779.2	
35827.2	
35832	
35798.4	
35841.6	
35812.8	
35769.6	
35702.4	
35654.4	
35688	
35736	
35788.8	
35865.6	
35774.4	
35760	
35740.8	
35798.4	
35798.4	
35788.8	
35822.4	
35817.6	
35798.4	
35803.2	
35812.8	
35865.6	
35846.4	
35827.2	
35774.4	
35779.2	
35793.6	
35731.2	
35803.2	
35836.8	
35822.4	
35760	
35760	
35731.2	
35784	
35721.6	
35692.8	
35750.4	
35779.2	
35774.4	
35808	
35779.2	
35692.8	
35673.6	
35688	
35688	
35683.2	
35630.4	
35616	
35668.8	
35664	
35692.8	
35721.6	
35692.8	
35625.6	
35659.2	
35659.2	
35654.4	
35659.2	
35654.4	
35635.2	
35635.2	
35688	
35716.8	
35649.6	
35630.4	
35568	
35630.4	
35716.8	
35683.2	
35644.8	
35616	
35596.8	
35558.4	
35568	
35616	
35644.8	
35625.6	
35596.8	
35640	
35616	
35625.6	
35673.6	
35668.8	
35712	
35798.4	
35827.2	
35841.6	
35784	
35779.2	
35812.8	
35784	
35841.6	
35822.4	
35798.4	
35822.4	
35760	
35784	
35764.8	
35726.4	
35731.2	
35716.8	
35702.4	
35784	
35774.4	
35760	
35812.8	
35784	
35755.2	
35721.6	
35716.8	
35774.4	
35755.2	
35736	
35784	
35707.2	
35712	
35702.4	
35673.6	
35649.6	
35616	
35510.4	
35563.2	
35563.2	
35625.6	
35644.8	
35611.2	
35577.6	
35596.8	
35611.2	
35582.4	
35596.8	
35520	
35496	
35448	
35428.8	
35457.6	
35486.4	
35496	
35472	
35481.6	
35472	
35448	
35409.6	
35414.4	
35404.8	
35443.2	
35476.8	
35486.4	
35428.8	
35510.4	
35496	
35404.8	
35448	
35467.2	
35548.8	
35548.8	
35625.6	
35620.8	
35587.2	
35568	
35510.4	
35481.6	
35457.6	
35404.8	
35414.4	
35347.2	
35347.2	
35380.8	
35414.4	
35433.6	
35472	
35486.4	
35491.2	
35457.6	
35428.8	
35404.8	
35284.8	
35318.4	
35328	
35289.6	
35352	
35299.2	
35376	
35424	
35313.6	
35400	
35409.6	
35356.8	
35395.2	
35376	
35380.8	
35323.2	
35188.8	
35246.4	
35241.6	
35236.8	
35256	
35275.2	
35308.8	
35304	
35352	
35347.2	
35380.8	
35342.4	
35299.2	
35270.4	
35232	
35265.6	
35232	
35193.6	
35160	
35155.2	
35121.6	
35193.6	
35232	
35193.6	
35208	
35275.2	
35337.6	
35366.4	
35356.8	
35385.6	
35390.4	
35419.2	
35400	
35409.6	
35400	
35424	
35524.8	
35548.8	
35558.4	
35601.6	
35625.6	
35577.6	
35592	
35592	
35486.4	
35510.4	
35534.4	
35496	
35558.4	
35635.2	
35625.6	
35644.8	
35721.6	
35692.8	
35649.6	
35692.8	
35635.2	
35745.6	
35707.2	
35760	
35793.6	
35774.4	
35731.2	
35808	
35841.6	
35817.6	
35793.6	
35875.2	
35832	
35788.8	
35788.8	
35784	
35784	
35808	
35774.4	
35745.6	
35745.6	
35779.2	
35841.6	
35774.4	
35726.4	
35683.2	
35688	
35635.2	
35625.6	
35625.6	
35563.2	
35462.4	
35544	
35553.6	
35467.2	
35505.6	
35476.8	
35476.8	
35587.2	
35496	
35544	
35529.6	
35534.4	
35524.8	
35524.8	
35452.8	
35395.2	
35380.8	
35452.8	
35419.2	
35452.8	
35472	
35467.2	
35433.6	
35433.6	
35428.8	
35419.2	
35424	
35404.8	
35496	
35510.4	
35544	
35596.8	
35510.4	
35596.8	
35664	
35688	
35726.4	
35707.2	
35649.6	
35644.8	
35630.4	
35620.8	
35654.4	
35688	
35668.8	
35659.2	
35640	
35702.4	
35707.2	
35673.6	
35678.4	
35702.4	
35688	
35697.6	
35668.8	
35664	
35640	
35524.8	
35500.8	
35481.6	
35529.6	
35515.2	
35515.2	
35587.2	
35592	
35539.2	
35577.6	
35572.8	
35582.4	
35620.8	
35620.8	
35678.4	
35659.2	
35654.4	
35664	
35659.2	
35673.6	
35625.6	
35568	
35587.2	
35529.6	
35486.4	
35534.4	
35616	
35659.2	
35592	
35539.2	
35438.4	
35428.8	
35371.2	
35337.6	
35356.8	
35404.8	
35380.8	
35356.8	
35376	
35366.4	
35366.4	
35385.6	
35385.6	
35385.6	
35419.2	
35438.4	
35462.4	
35462.4	
35452.8	
35428.8	
35371.2	
35380.8	
35428.8	
35299.2	
35265.6	
35217.6	
35275.2	
35294.4	
35294.4	
35275.2	
35232	
35136	
35116.8	
35126.4	
35131.2	
35035.2	
35140.8	
35174.4	
35160	
35131.2	
35155.2	
35150.4	
35097.6	
35107.2	
35193.6	
35131.2	
35184	
35217.6	
35198.4	
35265.6	
35251.2	
35260.8	
35217.6	
35179.2	
35217.6	
35193.6	
35174.4	
35155.2	
35131.2	
35164.8	
35236.8	
35342.4	
35371.2	
35496	
35505.6	
35491.2	
35529.6	
35544	
35558.4	
35563.2	
35548.8	
35524.8	
35500.8	
35491.2	
35491.2	
35452.8	
35376	
35299.2	
35332.8	
35304	
35294.4	
35270.4	
35356.8	
35265.6	
35376	
35409.6	
35428.8	
35380.8	
35385.6	
35414.4	
35395.2	
35337.6	
35328	
35323.2	
35352	
35337.6	
35323.2	
35323.2	
35371.2	
35337.6	
35275.2	
35361.6	
35385.6	
35385.6	
35419.2	
35414.4	
35400	
35433.6	
35428.8	
35457.6	
35476.8	
35433.6	
35347.2	
35308.8	
35371.2	
35428.8	
35467.2	
35520	
35558.4	
35572.8	
35563.2	
35558.4	
35452.8	
35491.2	
35448	
35448	
35500.8	
35486.4	
35438.4	
35476.8	
35496	
35452.8	
35472	
35500.8	
35486.4	
35419.2	
35438.4	
35424	
35395.2	
35438.4	
35428.8	
35380.8	
35332.8	
35404.8	
35443.2	
35424	
35481.6	
35457.6	
35457.6	
35414.4	
35467.2	
35443.2	
35332.8	
35409.6	
35371.2	
35424	
35414.4	
35356.8	
35472	
35510.4	
35548.8	
35476.8	
35496	
35548.8	
35510.4	
35486.4	
35500.8	
35452.8	
35424	
35448	
35395.2	
35323.2	
35313.6	
35390.4	
35352	
35342.4	
35332.8	
35260.8	
35289.6	
35328	
35299.2	
35366.4	
35371.2	
35352	
35356.8	
35313.6	
35356.8	
35347.2	
35352	
35299.2	
35323.2	
35332.8	
35361.6	
35452.8	
35467.2	
35452.8	
35462.4	
35486.4	
35572.8	
35558.4	
35510.4	
35577.6	
35582.4	
35582.4	
35505.6	
35568	
35582.4	
35553.6	
35553.6	
35548.8	
35539.2	
35548.8	
35496	
35520	
35496	
35500.8	
35510.4	
35424	
35467.2	
35433.6	
35452.8	
35443.2	
35462.4	
35457.6	
35448	
35457.6	
35390.4	
35443.2	
35553.6	
35563.2	
35640	
35563.2	
35582.4	
35544	
35534.4	
35553.6	
35486.4	
35524.8	
35611.2	
35568	
35563.2	
35649.6	
35678.4	
35707.2	
35664	
35664	
35712	
35678.4	
35683.2	
35673.6	
35644.8	
35692.8	
35736	
35712	
35692.8	
35668.8	
35659.2	
35611.2	
35606.4	
35611.2	
35668.8	
35745.6	
35779.2	
35726.4	
35692.8	
35707.2	
35644.8	
35620.8	
35577.6	
35577.6	
35611.2	
35572.8	
35606.4	
35548.8	
35577.6	
35683.2	
35750.4	
35712	
35707.2	
35736	
35764.8	
35798.4	
35745.6	
35793.6	
35750.4	
35673.6	
35630.4	
35587.2	
35491.2	
35500.8	
35491.2	
35448	
35361.6	
35385.6	
35371.2	
35328	
35352	
35390.4	
35433.6	
35380.8	
35424	
35448	
35452.8	
35395.2	
35361.6	
35366.4	
35356.8	
35352	
35352	
35443.2	
35472	
35496	
35520	
35548.8	
35534.4	
35616	
35640	
35529.6	
35563.2	
35563.2	
35500.8	
35476.8	
35476.8	
35419.2	
35486.4	
35481.6	
35414.4	
35347.2	
35352	
35318.4	
35352	
35390.4	
35414.4	
35424	
35376	
35419.2	
35361.6	
35400	
35496	
35462.4	
35467.2	
35438.4	
35481.6	
35486.4	
35400	
35433.6	
35409.6	
35481.6	
35491.2	
35534.4	
35548.8	
35539.2	
35510.4	
35510.4	
35496	
35472	
35481.6	
35481.6	
35443.2	
35476.8	
35424	
35395.2	
35467.2	
35424	
35428.8	
35347.2	
35342.4	
35376	
35337.6	
35337.6	
35304	
35318.4	
35332.8	
35347.2	
35347.2	
35380.8	
35467.2	
35472	
35438.4	
35395.2	
35443.2	
35385.6	
35356.8	
35428.8	
35404.8	
35448	
35428.8	
35400	
35409.6	
35428.8	
35390.4	
35260.8	
35251.2	
35203.2	
35217.6	
35198.4	
35222.4	
35241.6	
35260.8	
35328	
35371.2	
35313.6	
35332.8	
35376	
35356.8	
35380.8	
35352	
35332.8	
35328	
35323.2	
35323.2	
35352	
35390.4	
35400	
35361.6	
35395.2	
35376	
35352	
35332.8	
35347.2	
35294.4	
35332.8	
35289.6	
35179.2	
35203.2	
35203.2	
35260.8	
35318.4	
35308.8	
35352	
35323.2	
35265.6	
35217.6	
35270.4	
35361.6	
35318.4	
35361.6	
35323.2	
35366.4	
35347.2	
35347.2	
35361.6	
35371.2	
35328	
35280	
35294.4	
35280	
35251.2	
35241.6	
35236.8	
35222.4	
35256	
35208	
35313.6	
35280	
35265.6	
35323.2	
35304	
35270.4	
35352	
35299.2	
35323.2	
35424	
35448	
35361.6	
35404.8	
35452.8	
35472	
35534.4	
35462.4	
35486.4	
35433.6	
35452.8	
35433.6	
35467.2	
35433.6	
35448	
35424	
35452.8	
35452.8	
35424	
35404.8	
35462.4	
35500.8	
35472	
35476.8	
35414.4	
35366.4	
35424	
35476.8	
35457.6	
35342.4	
35337.6	
35414.4	
35380.8	
35342.4	
35419.2	
35404.8	
35404.8	
35376	
35371.2	
35390.4	
35390.4	
35462.4	
35438.4	
35452.8	
35419.2	
35366.4	
35409.6	
35366.4	
35404.8	
35424	
35476.8	
35467.2	
35510.4	
35548.8	
35592	
35611.2	
35659.2	
35515.2	
35520	
35491.2	
35486.4	
35467.2	
35486.4	
35419.2	
35385.6	
35390.4	
35496	
35452.8	
35400	
35409.6	
35467.2	
35380.8	
35448	
35443.2	
35371.2	
35414.4	
35424	
35428.8	
35457.6	
35438.4	
35433.6	
35376	
35419.2	
35428.8	
35438.4	
35467.2	
35505.6	
35529.6	
35486.4	
35491.2	
35486.4	
35452.8	
35462.4	
35496	
35428.8	
35448	
35448	
35457.6	
35467.2	
35400	
35390.4	
35371.2	
35371.2	
35404.8	
35376	
35390.4	
35376	
35424	
35462.4	
35515.2	
35452.8	
35462.4	
35539.2	
35539.2	
35433.6	
35462.4	
35452.8	
35443.2	
35361.6	
35371.2	
35409.6	
35428.8	
35404.8	
35328	
35308.8	
35366.4	
35366.4	
35390.4	
35419.2	
35452.8	
35486.4	
35544	
35606.4	
35582.4	
35649.6	
35616	
35606.4	
35625.6	
35635.2	
35712	
35716.8	
35721.6	
35644.8	
35616	
35601.6	
35659.2	
35582.4	
35596.8	
35563.2	
35587.2	
35558.4	
35529.6	
35491.2	
35472	
35452.8	
35472	
35539.2	
35510.4	
35496	
35472	
35462.4	
35472	
35443.2	
35529.6	
35510.4	
35481.6	
35428.8	
35515.2	
35582.4	
35596.8	
35683.2	
35659.2	
35668.8	
35683.2	
35688	
35630.4	
35640	
35630.4	
35625.6	
35659.2	
35688	
35760	
35750.4	
35721.6	
35712	
35740.8	
35716.8	
35659.2	
35673.6	
35692.8	
35582.4	
35606.4	
35601.6	
35630.4	
35649.6	
35620.8	
35582.4	
35534.4	
35563.2	
35553.6	
35515.2	
35544	
35558.4	
35534.4	
35534.4	
35592	
35606.4	
35620.8	
35620.8	
35644.8	
35649.6	
35683.2	
35678.4	
35692.8	
35640	
35659.2	
35572.8	
35620.8	
35582.4	
35534.4	
35500.8	
35510.4	
35428.8	
35371.2	
35467.2	
35419.2	
35409.6	
35404.8	
35467.2	
35467.2	
35428.8	
35371.2	
35376	
35313.6	
35404.8	
35500.8	
35486.4	
35577.6	
35611.2	
35553.6	
35544	
35481.6	
35515.2	
35500.8	
35524.8	
35592	
35616	
35678.4	
35659.2	
35630.4	
35592	
35659.2	
35616	
35654.4	
35654.4	
35616	
35654.4	
35539.2	
35462.4	
35376	
35385.6	
35376	
35371.2	
35352	
35404.8	
35433.6	
35462.4	
35476.8	
35419.2	
35452.8	
35505.6	
35592	
35548.8	
35529.6	
35553.6	
35520	
35395.2	
35400	
35356.8	
35404.8	
35332.8	
35361.6	
35424	
35486.4	
35500.8	
35577.6	
35577.6	
35582.4	
35596.8	
35654.4	
35649.6	
35587.2	
35582.4	
35592	
35587.2	
35596.8	
35572.8	
35692.8	
35683.2	
35721.6	
35668.8	
35707.2	
35692.8	
35640	
35620.8	
35649.6	
35649.6	
35707.2	
35712	
35697.6	
35683.2	
35611.2	
35601.6	
35515.2	
35616	
35587.2	
35572.8	
35529.6	
35553.6	
35568	
35568	
35553.6	
35558.4	
35544	
35462.4	
35496	
35472	
35448	
35472	
35510.4	
35481.6	
35443.2	
35409.6	
35409.6	
35428.8	
35414.4	
35404.8	
35424	
35452.8	
35424	
35486.4	
35496	
35496	
35553.6	
35467.2	
35424	
35476.8	
35510.4	
35452.8	
35481.6	
35457.6	
35524.8	
35572.8	
35544	
35563.2	
35601.6	
35601.6	
35625.6	
35620.8	
35592	
35582.4	
35592	
35582.4	
35577.6	
35620.8	
35601.6	
35592	
35592	
35563.2	
35553.6	
35539.2	
35601.6	
35568	
35635.2	
35611.2	
35644.8	
35673.6	
35644.8	
35640	
35659.2	
35716.8	
35745.6	
35716.8	
35673.6	
35678.4	
35630.4	
35601.6	
35587.2	
35553.6	
35587.2	
35577.6	
35620.8	
35553.6	
35616	
35548.8	
35558.4	
35539.2	
35539.2	
35577.6	
35524.8	
35563.2	
35596.8	
35606.4	
35548.8	
35443.2	
35457.6	
35491.2	
35491.2	
35452.8	
35457.6	
35443.2	
35452.8	
35486.4	
35520	
35476.8	
35534.4	
35452.8	
35419.2	
35467.2	
35457.6	
35462.4	
35395.2	
35376	
35476.8	
35462.4	
35462.4	
35452.8	
35395.2	
35390.4	
35361.6	
35376	
35347.2	
35371.2	
35385.6	
35433.6	
35414.4	
35428.8	
35400	
35452.8	
35472	
35395.2	
35414.4	
35342.4	
35400	
35352	
35356.8	
35332.8	
35352	
35371.2	
35400	
35352	
35404.8	
35452.8	
35448	
35467.2	
35462.4	
35496	
35544	
35601.6	
35558.4	
35553.6	
35620.8	
35630.4	
35524.8	
35601.6	
35596.8	
35649.6	
35625.6	
35625.6	
35611.2	
35544	
35486.4	
35534.4	
35544	
35606.4	
35592	
35654.4	
35644.8	
35596.8	
35592	
35668.8	
35649.6	
35635.2	
35668.8	
35568	
35649.6	
35654.4	
35716.8	
35702.4	
35654.4	
35644.8	
35577.6	
35596.8	
35611.2	
35611.2	
35625.6	
35620.8	
35692.8	
35683.2	
35688	
35664	
35577.6	
35659.2	
35649.6	
35616	
35553.6	
35616	
35625.6	
35616	
35577.6	
35534.4	
35620.8	
35577.6	
35601.6	
35577.6	
35553.6	
35587.2	
35577.6	
35544	
35611.2	
35635.2	
35688	
35683.2	
35664	
35673.6	
35755.2	
35745.6	
35731.2	
35678.4	
35673.6	
35587.2	
35582.4	
35596.8	
35620.8	
35635.2	
35673.6	
35697.6	
35683.2	
35697.6	
35664	
35668.8	
35644.8	
35568	
35630.4	
35702.4	
35731.2	
35750.4	
35712	
35678.4	
35692.8	
35649.6	
35692.8	
35673.6	
35625.6	
35616	
35577.6	
35505.6	
35496	
35510.4	
35457.6	
35476.8	
35472	
35476.8	
35476.8	
35515.2	
35548.8	
35553.6	
35553.6	
35539.2	
35529.6	
35476.8	
35534.4	
35520	
35472	
35500.8	
35563.2	
35596.8	
35592	
35558.4	
35601.6	
35635.2	
35640	
35668.8	
35760	
35788.8	
35726.4	
35683.2	
35558.4	
35577.6	
35572.8	
35553.6	
35558.4	
35572.8	
35515.2	
35515.2	
35496	
35515.2	
35500.8	
35510.4	
35505.6	
35587.2	
35587.2	
35659.2	
35688	
35688	
35664	
35635.2	
35587.2	
35544	
35606.4	
35620.8	
35572.8	
35601.6	
35668.8	
35692.8	
35620.8	
35611.2	
35596.8	
35553.6	
35505.6	
35515.2	
35539.2	
35486.4	
35510.4	
35457.6	
35452.8	
35448	
35428.8	
35404.8	
35395.2	
35366.4	
35385.6	
35409.6	
35409.6	
35404.8	
35433.6	
35400	
35376	
35347.2	
35361.6	
35328	
35337.6	
35332.8	
35409.6	
35404.8	
35380.8	
35376	
35371.2	
35380.8	
35476.8	
35414.4	
35385.6	
35380.8	
35395.2	
35409.6	
35448	
35534.4	
35620.8	
35678.4	
35721.6	
35736	
35659.2	
35697.6	
35582.4	
35582.4	
35592	
35620.8	
35673.6	
35592	
35467.2	
35529.6	
35563.2	
35553.6	
35572.8	
35524.8	
35592	
35582.4	
35568	
35587.2	
35558.4	
35596.8	
35577.6	
35582.4	
35654.4	
35625.6	
35635.2	
35592	
35558.4	
35592	
35572.8	
35582.4	
35577.6	
35582.4	
35611.2	
35548.8	
35544	
35486.4	
35457.6	
35529.6	
35529.6	
35481.6	
35457.6	
35419.2	
35385.6	
35342.4	
35318.4	
35313.6	
35299.2	
35304	
35308.8	
35313.6	
35323.2	
35395.2	
35433.6	
35448	
35448	
35500.8	
35496	
35491.2	
35476.8	
35472	
35496	
35467.2	
35510.4	
35534.4	
35582.4	
35582.4	
35544	
35539.2	
35515.2	
35563.2	
35534.4	
35496	
35529.6	
35587.2	
35563.2	
35548.8	
35630.4	
35635.2	
35688	
35721.6	
35688	
35678.4	
35616	
35625.6	
35644.8	
35625.6	
35548.8	
35500.8	
35558.4	
35548.8	
35563.2	
35515.2	
35505.6	
35491.2	
35534.4	
35505.6	
35524.8	
35534.4	
35587.2	
35635.2	
35688	
35697.6	
35740.8	
35784	
35798.4	
35803.2	
35740.8	
35764.8	
35731.2	
35750.4	
35707.2	
35630.4	
35683.2	
35654.4	
35644.8	
35596.8	
35625.6	
35592	
35582.4	
35611.2	
35620.8	
35630.4	
35596.8	
35601.6	
35587.2	
35692.8	
35596.8	
35587.2	
35529.6	
35568	
35601.6	
35640	
35659.2	
35644.8	
35606.4	
35568	
35587.2	
35572.8	
35539.2	
35524.8	
35568	
35529.6	
35568	
35515.2	
35520	
35491.2	
35472	
35481.6	
35524.8	
35486.4	
35496	
35529.6	
35568	
35635.2	
35640	
35635.2	
35640	
35582.4	
35577.6	
35592	
35611.2	
35587.2	
35529.6	
35520	
35544	
35534.4	
35534.4	
35572.8	
35572.8	
35572.8	
35452.8	
35404.8	
35529.6	
35544	
35587.2	
35635.2	
35582.4	
35568	
35611.2	
35644.8	
35688	
35712	
35654.4	
35649.6	
35683.2	
35668.8	
35702.4	
35692.8	
35649.6	
35616	
35529.6	
35505.6	
35520	
35510.4	
35548.8	
35582.4	
35529.6	
35505.6	
35486.4	
35520	
35568	
35544	
35582.4	
35640	
35673.6	
35683.2	
35750.4	
35779.2	
35726.4	
35764.8	
35740.8	
35683.2	
35640	
35572.8	
35563.2	
35563.2	
35577.6	
35582.4	
35534.4	
35505.6	
35491.2	
35520	
35486.4	
35481.6	
35496	
35472	
35472	
35472	
35476.8	
35481.6	
35467.2	
35409.6	
35404.8	
35385.6	
35443.2	
35433.6	
35424	
35395.2	
35400	
35400	
35385.6	
35438.4	
35505.6	
35548.8	
35520	
35448	
35428.8	
35481.6	
35462.4	
35496	
35481.6	
35524.8	
35592	
35568	
35664	
35702.4	
35644.8	
35582.4	
35544	
35587.2	
35640	
35635.2	
35606.4	
35544	
35582.4	
35601.6	
35620.8	
35664	
35688	
35692.8	
35702.4	
35726.4	
35697.6	
35654.4	
35644.8	
35712	
35721.6	
35726.4	
35630.4	
35659.2	
35630.4	
35688	
35635.2	
35620.8	
35625.6	
35592	
35596.8	
35510.4	
35462.4	
35462.4	
