4026.4	
14823.2	
18782.4	
21218.4	
22820	
23956.8	
25026.4	
25793.6	
26622.4	
27204.8	
27731.2	
28190.4	
28543.2	
28817.6	
29125.6	
29288	
29624	
29915.2	
30066.4	
30346.4	
30346.4	
30548	
30749.6	
30956.8	
31052	
31113.6	
31270.4	
31421.6	
31455.2	
31539.2	
31634.4	
31707.2	
31920	
32121.6	
32211.2	
32373.6	
32351.2	
32390.4	
32452	
32536	
32636.8	
32877.6	
32978.4	
33073.6	
33118.4	
33230.4	
33353.6	
33359.2	
33432	
33482.4	
33572	
33622.4	
33471.2	
33572	
33639.2	
33678.4	
33773.6	
33734.4	
33723.2	
33812.8	
33880	
34031.2	
34014.4	
33919.2	
33952.8	
33964	
34120.8	
34221.6	
34288.8	
34384	
34501.6	
34568.8	
34697.6	
34714.4	
34720	
34770.4	
34848.8	
34960.8	
34994.4	
34960.8	
34944	
34955.2	
34882.4	
34832	
34843.2	
34843.2	
34792.8	
34882.4	
34955.2	
34955.2	
34977.6	
35028	
35005.6	
35134.4	
35117.6	
35196	
35291.2	
35347.2	
35302.4	
35358.4	
35263.2	
35324.8	
35341.6	
35436.8	
35476	
35532	
35492.8	
35487.2	
35554.4	
35621.6	
35504	
35487.2	
35498.4	
35509.6	
35582.4	
35543.2	
35644	
35683.2	
35767.2	
35744.8	
35728	
35672	
35772.8	
35666.4	
35621.6	
35705.6	
35705.6	
35784	
35649.6	
35767.2	
35817.6	
35884.8	
35834.4	
35834.4	
35812	
35884.8	
35912.8	
36019.2	
36092	
36170.4	
36220.8	
36232	
36254.4	
36282.4	
36349.6	
36433.6	
36439.2	
36534.4	
36540	
36456	
36562.4	
36629.6	
36573.6	
36713.6	
36719.2	
36747.2	
36758.4	
36803.2	
36780.8	
36764	
36764	
36758.4	
36808.8	
36836.8	
36876	
36876	
36881.6	
36842.4	
36982.4	
36999.2	
36971.2	
36904	
36915.2	
36988	
37021.6	
37049.6	
37060.8	
37066.4	
37139.2	
37072	
37021.6	
36976.8	
36993.6	
36988	
36948.8	
36915.2	
36892.8	
36915.2	
36876	
36870.4	
36915.2	
36876	
36960	
36971.2	
37010.4	
37060.8	
37116.8	
37094.4	
37055.2	
37128	
37083.2	
37139.2	
37144.8	
37150.4	
37217.6	
37268	
37318.4	
37352	
37363.2	
37380	
37447.2	
37486.4	
37447.2	
37458.4	
37447.2	
37329.6	
37329.6	
37357.6	
37385.6	
37447.2	
37480.8	
37536.8	
37497.6	
37492	
37458.4	
37508.8	
37548	
37581.6	
37609.6	
37520	
37559.2	
37486.4	
37503.2	
37587.2	
37592.8	
37531.2	
37587.2	
37598.4	
37592.8	
37542.4	
37576	
37620.8	
37620.8	
37598.4	
37671.2	
37676.8	
37760.8	
37744	
37704.8	
37676.8	
37632	
37665.6	
37688	
37800	
37760.8	
37794.4	
37861.6	
37889.6	
37884	
37956.8	
37979.2	
38040.8	
38068.8	
37956.8	
37900.8	
37872.8	
37777.6	
37850.4	
37878.4	
37856	
37900.8	
38018.4	
38035.2	
38096.8	
37951.2	
37968	
37984.8	
38012.8	
37962.4	
37900.8	
37900.8	
37912	
37917.6	
37917.6	
38007.2	
38007.2	
38007.2	
37956.8	
38068.8	
38074.4	
38052	
38113.6	
38253.6	
38236.8	
38158.4	
38102.4	
38119.2	
38136	
38158.4	
38264.8	
38214.4	
38192	
38152.8	
38180.8	
38197.6	
38276	
38304	
38270.4	
38242.4	
38208.8	
38281.6	
38320.8	
38304	
38298.4	
38365.6	
38304	
38276	
38326.4	
38326.4	
38264.8	
38287.2	
38259.2	
38259.2	
38270.4	
38259.2	
38236.8	
38309.6	
38214.4	
38220	
38281.6	
38348.8	
38376.8	
38343.2	
38337.6	
38427.2	
38449.6	
38388	
38382.4	
38455.2	
38416	
38438.4	
38393.6	
38427.2	
38388	
38432.8	
38432.8	
38421.6	
38348.8	
38365.6	
38332	
38332	
38348.8	
38382.4	
38348.8	
38393.6	
38421.6	
38388	
38410.4	
38466.4	
38483.2	
38500	
38472	
38494.4	
38494.4	
38505.6	
38494.4	
38516.8	
38505.6	
38466.4	
38460.8	
38421.6	
38494.4	
38438.4	
38421.6	
38494.4	
38533.6	
38539.2	
38640	
38662.4	
38724	
38735.2	
38774.4	
38791.2	
38802.4	
38757.6	
38740.8	
38712.8	
38729.6	
38729.6	
38690.4	
38740.8	
38746.4	
38684.8	
38746.4	
38763.2	
38780	
38791.2	
38763.2	
38735.2	
38735.2	
38718.4	
38701.6	
38757.6	
38668	
38600.8	
38634.4	
38606.4	
38589.6	
38584	
38567.2	
38617.6	
38544.8	
38539.2	
38528	
38494.4	
38488.8	
38572.8	
38488.8	
38466.4	
38561.6	
38589.6	
38634.4	
38690.4	
38679.2	
38696	
38768.8	
38679.2	
38740.8	
38768.8	
38724	
38774.4	
38858.4	
38914.4	
38841.6	
38953.6	
38920	
38953.6	
38948	
38897.6	
38824.8	
38813.6	
38813.6	
38768.8	
38735.2	
38701.6	
38679.2	
38645.6	
38718.4	
38791.2	
38858.4	
38847.2	
38841.6	
38830.4	
38830.4	
38763.2	
38768.8	
38869.6	
38925.6	
38869.6	
38841.6	
38852.8	
38841.6	
38796.8	
38819.2	
38875.2	
38808	
38768.8	
38712.8	
38752	
38802.4	
38813.6	
38847.2	
38880.8	
38931.2	
38936.8	
38880.8	
38864	
38892	
38819.2	
38858.4	
38830.4	
38824.8	
38880.8	
38908.8	
38959.2	
38897.6	
38903.2	
38836	
38920	
38903.2	
38925.6	
38903.2	
38970.4	
38959.2	
38936.8	
39009.6	
39026.4	
38987.2	
39020.8	
39004	
38987.2	
38992.8	
39020.8	
39132.8	
39088	
39110.4	
39088	
39149.6	
39194.4	
39312	
39317.6	
39323.2	
39328.8	
39289.6	
39272.8	
39267.2	
39216.8	
39149.6	
39071.2	
39121.6	
39155.2	
39228	
39172	
39205.6	
39250.4	
39239.2	
39194.4	
39200	
39177.6	
39177.6	
39228	
39194.4	
39138.4	
39088	
39110.4	
39099.2	
39183.2	
39160.8	
39166.4	
39205.6	
39166.4	
39267.2	
39317.6	
39216.8	
39205.6	
39172	
39132.8	
39172	
39200	
39216.8	
39222.4	
39272.8	
39244.8	
39205.6	
39272.8	
39284	
39278.4	
39328.8	
39362.4	
39334.4	
39368	
39345.6	
39424	
39418.4	
39401.6	
39334.4	
39362.4	
39261.6	
39306.4	
39356.8	
39424	
39474.4	
39463.2	
39424	
39457.6	
39524.8	
39424	
39424	
39452	
39435.2	
39452	
39519.2	
39575.2	
39564	
39508	
39463.2	
39491.2	
39547.2	
39524.8	
39608.8	
39608.8	
39575.2	
39586.4	
39508	
39485.6	
39552.8	
39564	
39603.2	
39580.8	
39586.4	
39648	
39569.6	
39558.4	
39597.6	
39569.6	
39608.8	
39670.4	
39664.8	
39648	
39608.8	
39569.6	
39519.2	
39474.4	
39530.4	
39620	
39603.2	
39676	
39720.8	
39681.6	
39676	
39692.8	
39816	
39810.4	
39849.6	
39888.8	
39911.2	
39972.8	
39911.2	
39877.6	
39911.2	
39894.4	
39911.2	
39832.8	
39804.8	
39855.2	
39866.4	
39844	
39793.6	
39804.8	
39855.2	
39849.6	
39844	
39782.4	
39788	
39776.8	
39838.4	
39821.6	
39771.2	
39754.4	
39799.2	
39776.8	
39732	
39709.6	
39726.4	
39737.6	
39732	
39737.6	
39771.2	
39838.4	
39872	
39832.8	
39816	
39860.8	
39821.6	
39844	
39760	
39732	
39698.4	
39676	
39698.4	
39732	
39754.4	
39760	
39816	
39743.2	
39748.8	
39754.4	
39709.6	
39799.2	
39793.6	
39782.4	
39793.6	
39827.2	
39900	
39905.6	
39827.2	
39771.2	
39810.4	
39900	
39866.4	
39866.4	
39872	
39872	
39894.4	
39911.2	
39989.6	
39928	
39939.2	
39922.4	
39961.6	
39995.2	
39933.6	
39933.6	
39984	
40006.4	
40034.4	
40040	
40040	
40040	
40068	
40101.6	
40135.2	
40090.4	
40079.2	
40045.6	
40068	
40017.6	
40012	
40056.8	
40006.4	
39961.6	
40006.4	
40023.2	
39989.6	
39989.6	
40062.4	
40000.8	
39939.2	
39939.2	
39978.4	
39995.2	
39972.8	
39972.8	
39984	
40012	
39939.2	
39894.4	
39860.8	
39872	
39872	
39827.2	
39821.6	
39838.4	
39866.4	
39888.8	
39933.6	
39883.2	
39961.6	
40012	
40062.4	
40118.4	
40073.6	
40118.4	
40068	
40112.8	
40124	
40056.8	
40023.2	
40068	
40017.6	
40073.6	
40034.4	
40079.2	
40124	
40101.6	
40073.6	
40096	
40140.8	
40107.2	
40084.8	
40079.2	
40034.4	
40017.6	
40090.4	
40096	
40079.2	
39978.4	
40017.6	
40051.2	
40101.6	
40062.4	
40079.2	
40062.4	
40090.4	
40101.6	
40079.2	
40006.4	
39989.6	
40051.2	
39995.2	
39950.4	
39860.8	
39860.8	
39860.8	
39782.4	
39866.4	
39911.2	
39928	
39933.6	
39872	
39866.4	
39905.6	
39866.4	
39967.2	
39978.4	
39967.2	
40000.8	
40040	
40034.4	
39978.4	
39961.6	
39939.2	
39905.6	
39866.4	
39883.2	
39905.6	
39928	
39928	
39933.6	
40000.8	
40023.2	
40000.8	
39961.6	
39967.2	
39933.6	
40012	
40051.2	
40084.8	
40118.4	
40135.2	
40191.2	
40140.8	
40079.2	
40017.6	
40034.4	
40062.4	
40107.2	
40152	
40096	
40056.8	
40112.8	
40101.6	
40152	
40185.6	
40185.6	
40202.4	
40202.4	
40202.4	
40140.8	
40174.4	
40208	
40269.6	
40320	
40308.8	
40353.6	
40387.2	
40342.4	
40331.2	
40364.8	
40432	
40409.6	
40353.6	
40359.2	
40392.8	
40398.4	
40398.4	
40320	
40320	
40275.2	
40286.4	
40202.4	
40241.6	
40258.4	
40224.8	
40275.2	
40297.6	
40264	
40286.4	
40286.4	
40286.4	
40308.8	
40359.2	
40331.2	
40303.2	
40364.8	
40325.6	
40252.8	
40224.8	
40342.4	
40308.8	
40241.6	
40297.6	
40314.4	
40320	
40308.8	
40303.2	
40297.6	
40297.6	
40292	
40280.8	
40286.4	
40297.6	
40219.2	
40213.6	
40174.4	
40202.4	
40196.8	
40202.4	
40208	
40264	
40275.2	
40353.6	
40303.2	
40348	
40359.2	
40376	
40426.4	
40460	
40437.6	
40454.4	
40448.8	
40493.6	
40510.4	
40527.2	
40549.6	
40510.4	
40510.4	
40516	
40521.6	
40516	
40516	
40499.2	
40510.4	
40482.4	
40448.8	
40460	
40488	
40516	
40566.4	
40527.2	
40538.4	
40555.2	
40493.6	
40510.4	
40448.8	
40448.8	
40432	
40420.8	
40420.8	
40376	
40336.8	
40308.8	
40303.2	
40297.6	
40308.8	
40404	
40392.8	
40420.8	
40448.8	
40398.4	
40448.8	
40443.2	
40510.4	
40521.6	
40471.2	
40415.2	
40420.8	
40398.4	
40404	
40437.6	
40454.4	
40454.4	
40476.8	
40420.8	
40370.4	
40359.2	
40387.2	
40443.2	
40381.6	
40353.6	
40370.4	
40353.6	
40376	
40409.6	
40409.6	
40342.4	
40303.2	
40353.6	
40370.4	
40420.8	
40448.8	
40493.6	
40532.8	
40521.6	
40549.6	
40549.6	
40510.4	
40476.8	
40521.6	
40504.8	
40516	
