4601.6	
17132.8	
22272	
24793.6	
26816	
28204.8	
29241.6	
29952	
30662.4	
31398.4	
31942.4	
32505.6	
32921.6	
33580.8	
34009.6	
34368	
34739.2	
34937.6	
35206.4	
35494.4	
35769.6	
35814.4	
36064	
36275.2	
36377.6	
36582.4	
36742.4	
36992	
37017.6	
37088	
37171.2	
37395.2	
37472	
37574.4	
37644.8	
37753.6	
37779.2	
37881.6	
37990.4	
38067.2	
38112	
38201.6	
38246.4	
38355.2	
38476.8	
38534.4	
38617.6	
38732.8	
38892.8	
38918.4	
39040	
39027.2	
39091.2	
39225.6	
39264	
39353.6	
39430.4	
39500.8	
39590.4	
39616	
39628.8	
39776	
39801.6	
39840	
39897.6	
39948.8	
40032	
40096	
40204.8	
40211.2	
40268.8	
40268.8	
40198.4	
40185.6	
40268.8	
40384	
40416	
40454.4	
40473.6	
40505.6	
40620.8	
40620.8	
40684.8	
40736	
40806.4	
40838.4	
40870.4	
40889.6	
41017.6	
41030.4	
41017.6	
41056	
41107.2	
41126.4	
41177.6	
41177.6	
41184	
41164.8	
41184	
41222.4	
41273.6	
41324.8	
41369.6	
41420.8	
41452.8	
41459.2	
41420.8	
41452.8	
41484.8	
41408	
41401.6	
41504	
41536	
41606.4	
41644.8	
41600	
41612.8	
41683.2	
41760	
41772.8	
41676.8	
41766.4	
41792	
41779.2	
41868.8	
41843.2	
41856	
41862.4	
41945.6	
41996.8	
42009.6	
41971.2	
41932.8	
41939.2	
41913.6	
41990.4	
42035.2	
42003.2	
42067.2	
42067.2	
42124.8	
42182.4	
42240	
42284.8	
42246.4	
42188.8	
42233.6	
42272	
42297.6	
42380.8	
42316.8	
42323.2	
42361.6	
42444.8	
42457.6	
42483.2	
42489.6	
42464	
42419.2	
42489.6	
42540.8	
42515.2	
42540.8	
42534.4	
42528	
42464	
42547.2	
42598.4	
42617.6	
42611.2	
42636.8	
42713.6	
42784	
42828.8	
42777.6	
42777.6	
42848	
42816	
42758.4	
42816	
42835.2	
42854.4	
42867.2	
42822.4	
42892.8	
42924.8	
42924.8	
42867.2	
42835.2	
42803.2	
42860.8	
42841.6	
42860.8	
42899.2	
42867.2	
42784	
42803.2	
42771.2	
42777.6	
42867.2	
42950.4	
43020.8	
43020.8	
43059.2	
43046.4	
43040	
43065.6	
43168	
43200	
43200	
43225.6	
43123.2	
43116.8	
43116.8	
43116.8	
43116.8	
43168	
43091.2	
43123.2	
43168	
43212.8	
43212.8	
43232	
43225.6	
43219.2	
43200	
43212.8	
43187.2	
43200	
43193.6	
43193.6	
43206.4	
43315.2	
43270.4	
43251.2	
43302.4	
43392	
43398.4	
43462.4	
43481.6	
43545.6	
43609.6	
43603.2	
43648	
43596.8	
43616	
43596.8	
43622.4	
43712	
43686.4	
43654.4	
43654.4	
43667.2	
43667.2	
43673.6	
43667.2	
43731.2	
43673.6	
43609.6	
43673.6	
43750.4	
43750.4	
43808	
43840	
43814.4	
43820.8	
43820.8	
43859.2	
43820.8	
43801.6	
43808	
43782.4	
43756.8	
43840	
43916.8	
43865.6	
43891.2	
43852.8	
43840	
43827.2	
43840	
43884.8	
43872	
43878.4	
43840	
43814.4	
43820.8	
43808	
43833.6	
43884.8	
43968	
43955.2	
43904	
43968	
43948.8	
44032	
44006.4	
43993.6	
43948.8	
43980.8	
43968	
44044.8	
44064	
44051.2	
44064	
44064	
44102.4	
44128	
44115.2	
44108.8	
44166.4	
44224	
44268.8	
44326.4	
44364.8	
44352	
44326.4	
44320	
44313.6	
44352	
44422.4	
44435.2	
44416	
44473.6	
44454.4	
44448	
44505.6	
44492.8	
44467.2	
44499.2	
44492.8	
44473.6	
44467.2	
44454.4	
44467.2	
44473.6	
44480	
44467.2	
44486.4	
44480	
44435.2	
44422.4	
44422.4	
44428.8	
44441.6	
44428.8	
44499.2	
44563.2	
44505.6	
44544	
44556.8	
44512	
44537.6	
44537.6	
44569.6	
44582.4	
44582.4	
44588.8	
44595.2	
44550.4	
44569.6	
44576	
44569.6	
44582.4	
44588.8	
44576	
44620.8	
44640	
44652.8	
44672	
44684.8	
44659.2	
44595.2	
44614.4	
44652.8	
44697.6	
44633.6	
44620.8	
44633.6	
44659.2	
44633.6	
44665.6	
44691.2	
44774.4	
44780.8	
44787.2	
44736	
44729.6	
44729.6	
44742.4	
44748.8	
44774.4	
44755.2	
44748.8	
44755.2	
44787.2	
44844.8	
44780.8	
44774.4	
44748.8	
44768	
44793.6	
44774.4	
44774.4	
44748.8	
44774.4	
44838.4	
44838.4	
44838.4	
44723.2	
44761.6	
44780.8	
44793.6	
44812.8	
44825.6	
44857.6	
44889.6	
44864	
44864	
44921.6	
44793.6	
44780.8	
44825.6	
44819.2	
44838.4	
44857.6	
44857.6	
44819.2	
44800	
44832	
44838.4	
44844.8	
44825.6	
44896	
44998.4	
45017.6	
45075.2	
45094.4	
45088	
45145.6	
45056	
45049.6	
45043.2	
45043.2	
45049.6	
45017.6	
44992	
44960	
44979.2	
44998.4	
44947.2	
45036.8	
44979.2	
44972.8	
44992	
45024	
45075.2	
45056	
45062.4	
45043.2	
45056	
45049.6	
45062.4	
45068.8	
45049.6	
45088	
45158.4	
45164.8	
45222.4	
45260.8	
45318.4	
45324.8	
45273.6	
45286.4	
45248	
45235.2	
45241.6	
45241.6	
45292.8	
45241.6	
45280	
45273.6	
45241.6	
45203.2	
45158.4	
45120	
45152	
45139.2	
45196.8	
45228.8	
45273.6	
45312	
45299.2	
45292.8	
45312	
45376	
45331.2	
45280	
45286.4	
45292.8	
45216	
45305.6	
45337.6	
45331.2	
45280	
45273.6	
45280	
45312	
45337.6	
45312	
45299.2	
45337.6	
45299.2	
45312	
45305.6	
45305.6	
45292.8	
45331.2	
45305.6	
45286.4	
45299.2	
45286.4	
45324.8	
45248	
45158.4	
45203.2	
45190.4	
45190.4	
45177.6	
45203.2	
45203.2	
45267.2	
45324.8	
45331.2	
45312	
45324.8	
45324.8	
45324.8	
45254.4	
45241.6	
45286.4	
45344	
45254.4	
45312	
45344	
45395.2	
45376	
45388.8	
45420.8	
45414.4	
45433.6	
45459.2	
45440	
45459.2	
45529.6	
45568	
45504	
45542.4	
45516.8	
45510.4	
45504	
45516.8	
45536	
45600	
45568	
45555.2	
45606.4	
45568	
45587.2	
45568	
45542.4	
45600	
45555.2	
45574.4	
45574.4	
45600	
45574.4	
45600	
45555.2	
45497.6	
45484.8	
45440	
45516.8	
45529.6	
45574.4	
45561.6	
45529.6	
45568	
45561.6	
45580.8	
45561.6	
45516.8	
45497.6	
45548.8	
45510.4	
45516.8	
45504	
45523.2	
45504	
45510.4	
45497.6	
45465.6	
45459.2	
45465.6	
45529.6	
45542.4	
45459.2	
45484.8	
45472	
45408	
45459.2	
45459.2	
45478.4	
45484.8	
45446.4	
45414.4	
45452.8	
45491.2	
45504	
45497.6	
45427.2	
45497.6	
45516.8	
45548.8	
45606.4	
45574.4	
45606.4	
45600	
45619.2	
45632	
45606.4	
45606.4	
45606.4	
45689.6	
45696	
45683.2	
45753.6	
45728	
45824	
45836.8	
45811.2	
45772.8	
45772.8	
45830.4	
45830.4	
45817.6	
45875.2	
45875.2	
45868.8	
45868.8	
45862.4	
45836.8	
45843.2	
45824	
45824	
45811.2	
45760	
45817.6	
45824	
45798.4	
45811.2	
45868.8	
45849.6	
45830.4	
45849.6	
45849.6	
45888	
45920	
45894.4	
45939.2	
45868.8	
45824	
45804.8	
45830.4	
45830.4	
45772.8	
45760	
45792	
45766.4	
45760	
45811.2	
45849.6	
45817.6	
45798.4	
45728	
45708.8	
45728	
45766.4	
45772.8	
45766.4	
45721.6	
45728	
45779.2	
45804.8	
45792	
45798.4	
45766.4	
45792	
45779.2	
45760	
45766.4	
45785.6	
45824	
45836.8	
45843.2	
45862.4	
45862.4	
45868.8	
45971.2	
45971.2	
45952	
45920	
45952	
45939.2	
45958.4	
45913.6	
45900.8	
45939.2	
45932.8	
45900.8	
45926.4	
45971.2	
46035.2	
45990.4	
45964.8	
45907.2	
45926.4	
45894.4	
45881.6	
45875.2	
45939.2	
46022.4	
46067.2	
46054.4	
46035.2	
46048	
46067.2	
46073.6	
46099.2	
46099.2	
46112	
46131.2	
46150.4	
46073.6	
46099.2	
46118.4	
46156.8	
46182.4	
46144	
46156.8	
46131.2	
46092.8	
46086.4	
46092.8	
46080	
46048	
46060.8	
46041.6	
46060.8	
46073.6	
46048	
45990.4	
46028.8	
46022.4	
46003.2	
46035.2	
46009.6	
46067.2	
46092.8	
46086.4	
46035.2	
46054.4	
46073.6	
46048	
46054.4	
46048	
46048	
46112	
46131.2	
46131.2	
46137.6	
46118.4	
46124.8	
46137.6	
46144	
46131.2	
46169.6	
46176	
46169.6	
46112	
46124.8	
46105.6	
46086.4	
46137.6	
46182.4	
46169.6	
46137.6	
46124.8	
46137.6	
46176	
46144	
46144	
46201.6	
46201.6	
46227.2	
46233.6	
46278.4	
46284.8	
46310.4	
46329.6	
46316.8	
46304	
46265.6	
46227.2	
46240	
46240	
46252.8	
46208	
46176	
46252.8	
46246.4	
46246.4	
46208	
46214.4	
46246.4	
46246.4	
46278.4	
46304	
46323.2	
46342.4	
46323.2	
46348.8	
46374.4	
46361.6	
46361.6	
46348.8	
46348.8	
46355.2	
46342.4	
46393.6	
46374.4	
46400	
46432	
46451.2	
46457.6	
46432	
46374.4	
46361.6	
46342.4	
46316.8	
46329.6	
46310.4	
46380.8	
46348.8	
46355.2	
46400	
46400	
46412.8	
46406.4	
46400	
46374.4	
46387.2	
46342.4	
46323.2	
46336	
46329.6	
46348.8	
46291.2	
46297.6	
46361.6	
46355.2	
46348.8	
46310.4	
46316.8	
46304	
46368	
46329.6	
46310.4	
46291.2	
46316.8	
46342.4	
46342.4	
46323.2	
46304	
46336	
46323.2	
46284.8	
46278.4	
46291.2	
46316.8	
46310.4	
46310.4	
46355.2	
46329.6	
46342.4	
46323.2	
46265.6	
46265.6	
46284.8	
46240	
46272	
46284.8	
46201.6	
46252.8	
46297.6	
46355.2	
46425.6	
46374.4	
46374.4	
46400	
46393.6	
46368	
46304	
46297.6	
46278.4	
46278.4	
46291.2	
46316.8	
46329.6	
46304	
46272	
46316.8	
46329.6	
46316.8	
46316.8	
46361.6	
46412.8	
46393.6	
46464	
46470.4	
46483.2	
46515.2	
46496	
46502.4	
46502.4	
46489.6	
46534.4	
46572.8	
46598.4	
46579.2	
46611.2	
46585.6	
46572.8	
46592	
46572.8	
46585.6	
46534.4	
46483.2	
46540.8	
46579.2	
46585.6	
46534.4	
46572.8	
46534.4	
46560	
46572.8	
46579.2	
46528	
46502.4	
46489.6	
46457.6	
46393.6	
46419.2	
46451.2	
46476.8	
46470.4	
46489.6	
46521.6	
46515.2	
46521.6	
46470.4	
46489.6	
46489.6	
46508.8	
46579.2	
46572.8	
46592	
46547.2	
46515.2	
46547.2	
46534.4	
46528	
46515.2	
46508.8	
46483.2	
46496	
46502.4	
46521.6	
46560	
46585.6	
46528	
46630.4	
46624	
46611.2	
46617.6	
46636.8	
46585.6	
46579.2	
46528	
46528	
46515.2	
46540.8	
46566.4	
46566.4	
46572.8	
46592	
46572.8	
46515.2	
46547.2	
46528	
46515.2	
46572.8	
46604.8	
46624	
46560	
46598.4	
46592	
46598.4	
46560	
46553.6	
46611.2	
46604.8	
46585.6	
46572.8	
46617.6	
46611.2	
46643.2	
46656	
46630.4	
46649.6	
46662.4	
46694.4	
46668.8	
46668.8	
46713.6	
46700.8	
46700.8	
46636.8	
46675.2	
46681.6	
46707.2	
46713.6	
46739.2	
46726.4	
46771.2	
46739.2	
46732.8	
46752	
46822.4	
46854.4	
46880	
46854.4	
46854.4	
46873.6	
46892.8	
46848	
46873.6	
46854.4	
46835.2	
46835.2	
46841.6	
46873.6	
46841.6	
46892.8	
46931.2	
46931.2	
46931.2	
46912	
46867.2	
46880	
46873.6	
46854.4	
46835.2	
46816	
46835.2	
46860.8	
46867.2	
46873.6	
46886.4	
46892.8	
46912	
46950.4	
46937.6	
46944	
46892.8	
46841.6	
46835.2	
46867.2	
46860.8	
46880	
46873.6	
46822.4	
46803.2	
46803.2	
46777.6	
46752	
46732.8	
46732.8	
46713.6	
46713.6	
46688	
46662.4	
46662.4	
46681.6	
46656	
46636.8	
46656	
46675.2	
46764.8	
46803.2	
46828.8	
46816	
46828.8	
46880	
46835.2	
46867.2	
46880	
46886.4	
46892.8	
46860.8	
46892.8	
46873.6	
46912	
46892.8	
46860.8	
46841.6	
46880	
46835.2	
46822.4	
46848	
46854.4	
46854.4	
46841.6	
46867.2	
46867.2	
46937.6	
46956.8	
46976	
46995.2	
46956.8	
46944	
47020.8	
47027.2	
47014.4	
47001.6	
47014.4	
47020.8	
47014.4	
47027.2	
47014.4	
46969.6	
46969.6	
46956.8	
46963.2	
47027.2	
47040	
47065.6	
47059.2	
47046.4	
47046.4	
47033.6	
47072	
47104	
47097.6	
47091.2	
47110.4	
47072	
47020.8	
47027.2	
47020.8	
47046.4	
47078.4	
47091.2	
47059.2	
47091.2	
47104	
47136	
47129.6	
47072	
47033.6	
46963.2	
46931.2	
46950.4	
46969.6	
46982.4	
46995.2	
46982.4	
46995.2	
47033.6	
47033.6	
47033.6	
46969.6	
47001.6	
46995.2	
46976	
46969.6	
46944	
46924.8	
46976	
46995.2	
47008	
47020.8	
47059.2	
47052.8	
47046.4	
47084.8	
47008	
47027.2	
47014.4	
47033.6	
47033.6	
47072	
47065.6	
47116.8	
47123.2	
47104	
47193.6	
47212.8	
47212.8	
47225.6	
47270.4	
47212.8	
47264	
47264	
47276.8	
47289.6	
47244.8	
47212.8	
47200	
47193.6	
47155.2	
47200	
47212.8	
47193.6	
47187.2	
47142.4	
47155.2	
47136	
47187.2	
47187.2	
47212.8	
47200	
47212.8	
47225.6	
47212.8	
47219.2	
47180.8	
47212.8	
47283.2	
47283.2	
47296	
47296	
47244.8	
47200	
47180.8	
47148.8	
47155.2	
47110.4	
47040	
47040	
47059.2	
47110.4	
47104	
47123.2	
47123.2	
47142.4	
47155.2	
47142.4	
47206.4	
47219.2	
47212.8	
47206.4	
47206.4	
47129.6	
47193.6	
47193.6	
47238.4	
47232	
47238.4	
47257.6	
47276.8	
47270.4	
47244.8	
47238.4	
47264	
47238.4	
47251.2	
47264	
47276.8	
47321.6	
47360	
47379.2	
47372.8	
47347.2	
47315.2	
47379.2	
47404.8	
47430.4	
47430.4	
47392	
47385.6	
47334.4	
47334.4	
47379.2	
47411.2	
47392	
47372.8	
47353.6	
47379.2	
47372.8	
47385.6	
47404.8	
47398.4	
47392	
47385.6	
47372.8	
47404.8	
47404.8	
47456	
47436.8	
47411.2	
47424	
47417.6	
47449.6	
47468.8	
47443.2	
47449.6	
47494.4	
47468.8	
47456	
47462.4	
47488	
47468.8	
47468.8	
47468.8	
47468.8	
47379.2	
47366.4	
47334.4	
47321.6	
47289.6	
47302.4	
47308.8	
47334.4	
47289.6	
47251.2	
47251.2	
47308.8	
47308.8	
47257.6	
47276.8	
47251.2	
47270.4	
47264	
47276.8	
47257.6	
47238.4	
47276.8	
47257.6	
47302.4	
47321.6	
47321.6	
47360	
47308.8	
47270.4	
47315.2	
47321.6	
47360	
47404.8	
47398.4	
47392	
47392	
47385.6	
47385.6	
47372.8	
47334.4	
47308.8	
47385.6	
47379.2	
47353.6	
47296	
47283.2	
47264	
47296	
47276.8	
47289.6	
47315.2	
47340.8	
47353.6	
47392	
47430.4	
47430.4	
47398.4	
47385.6	
47385.6	
47417.6	
47379.2	
47424	
47424	
47424	
47436.8	
47392	
47372.8	
47340.8	
47334.4	
47334.4	
47308.8	
47334.4	
47392	
47436.8	
47436.8	
47417.6	
47398.4	
47404.8	
47443.2	
47430.4	
47404.8	
47417.6	
47475.2	
47488	
47468.8	
47475.2	
47481.6	
47481.6	
47443.2	
47411.2	
47436.8	
47430.4	
47436.8	
47443.2	
47449.6	
47430.4	
47456	
47488	
47488	
47500.8	
47481.6	
47475.2	
47456	
47443.2	
47468.8	
47481.6	
47488	
47500.8	
47558.4	
47545.6	
47532.8	
47513.6	
47494.4	
47526.4	
47507.2	
47500.8	
47532.8	
47494.4	
47520	
47494.4	
47488	
47500.8	
47481.6	
47520	
47558.4	
47552	
47526.4	
47558.4	
47571.2	
47558.4	
47584	
47564.8	
47532.8	
47532.8	
47558.4	
47571.2	
47609.6	
47641.6	
47654.4	
47660.8	
47692.8	
47648	
47616	
47609.6	
47584	
47577.6	
47603.2	
47564.8	
47564.8	
47577.6	
47590.4	
47558.4	
47584	
47641.6	
47641.6	
47616	
47622.4	
47616	
47667.2	
47673.6	
47654.4	
47667.2	
47660.8	
47648	
47660.8	
47648	
47609.6	
47609.6	
47552	
47584	
47628.8	
47641.6	
47660.8	
47648	
47654.4	
47635.2	
47616	
47609.6	
47590.4	
47641.6	
47686.4	
47718.4	
47692.8	
47737.6	
47731.2	
47718.4	
47705.6	
47680	
47686.4	
47699.2	
47724.8	
47731.2	
47712	
47724.8	
47712	
47712	
47737.6	
47763.2	
47769.6	
47795.2	
47814.4	
47840	
47827.2	
47827.2	
47833.6	
47808	
47833.6	
47840	
47840	
47814.4	
47769.6	
47776	
47763.2	
47763.2	
47731.2	
47744	
47756.8	
47750.4	
47756.8	
47763.2	
47782.4	
47788.8	
47744	
47750.4	
47769.6	
47776	
47833.6	
47801.6	
47788.8	
47776	
47827.2	
47820.8	
47788.8	
47827.2	
47769.6	
47788.8	
47769.6	
47731.2	
47750.4	
47744	
47712	
47737.6	
47795.2	
47769.6	
47833.6	
47820.8	
47833.6	
47852.8	
47840	
47808	
47814.4	
47795.2	
47788.8	
47788.8	
47801.6	
47795.2	
47795.2	
47788.8	
47795.2	
47699.2	
47692.8	
47680	
47712	
47724.8	
47692.8	
47673.6	
47718.4	
47776	
47763.2	
47737.6	
47795.2	
47795.2	
47788.8	
47820.8	
47833.6	
47846.4	
47814.4	
47872	
47833.6	
47852.8	
47840	
47827.2	
47827.2	
47795.2	
47769.6	
47699.2	
47712	
47686.4	
47699.2	
47724.8	
47680	
47673.6	
47731.2	
47724.8	
47705.6	
47686.4	
47680	
47737.6	
47763.2	
47756.8	
47782.4	
47756.8	
47756.8	
47756.8	
47756.8	
47737.6	
47763.2	
47731.2	
47750.4	
47776	
47776	
47801.6	
47769.6	
47776	
47763.2	
47737.6	
47782.4	
47820.8	
47846.4	
47852.8	
47846.4	
47859.2	
47872	
47833.6	
47865.6	
47846.4	
47840	
47846.4	
47833.6	
47801.6	
47820.8	
47782.4	
47776	
47801.6	
47814.4	
47852.8	
47872	
47872	
47865.6	
47801.6	
47814.4	
47827.2	
47827.2	
47808	
47814.4	
47795.2	
47808	
47808	
47827.2	
47827.2	
47833.6	
47827.2	
47814.4	
47814.4	
47820.8	
47852.8	
47859.2	
47833.6	
47865.6	
47865.6	
47904	
47904	
47910.4	
47923.2	
47974.4	
47942.4	
47955.2	
47916.8	
47923.2	
47936	
47955.2	
47923.2	
47923.2	
47987.2	
48000	
47968	
47955.2	
47968	
47980.8	
48006.4	
47993.6	
47993.6	
47948.8	
47948.8	
47987.2	
47987.2	
47948.8	
47968	
47961.6	
47980.8	
47974.4	
47987.2	
48006.4	
47955.2	
47980.8	
48000	
48038.4	
48038.4	
48044.8	
48083.2	
48044.8	
48038.4	
48070.4	
48057.6	
48064	
48064	
47987.2	
47968	
47974.4	
47993.6	
47993.6	
48000	
47942.4	
47980.8	
47955.2	
47955.2	
48025.6	
48012.8	
48019.2	
48070.4	
48076.8	
48089.6	
48076.8	
48096	
48070.4	
48076.8	
48038.4	
48044.8	
48019.2	
48019.2	
47993.6	
47987.2	
47980.8	
48032	
47993.6	
47987.2	
48000	
48025.6	
48057.6	
48044.8	
48019.2	
48012.8	
48038.4	
48025.6	
47980.8	
47942.4	
47929.6	
47936	
47974.4	
47980.8	
47974.4	
47980.8	
47980.8	
48012.8	
48006.4	
47993.6	
47993.6	
48019.2	
48012.8	
47993.6	
47980.8	
47961.6	
47974.4	
48019.2	
48019.2	
48012.8	
48044.8	
48102.4	
48140.8	
48192	
48160	
48185.6	
48134.4	
48166.4	
48147.2	
48115.2	
48096	
48140.8	
48134.4	
48140.8	
48140.8	
48147.2	
48166.4	
48153.6	
48166.4	
48121.6	
48147.2	
48147.2	
48134.4	
48115.2	
48128	
48115.2	
48121.6	
48108.8	
48128	
48153.6	
48166.4	
48179.2	
48172.8	
48128	
48147.2	
48160	
48147.2	
48128	
48121.6	
48121.6	
48083.2	
48083.2	
48076.8	
48115.2	
48089.6	
48076.8	
48089.6	
48108.8	
48115.2	
48064	
48012.8	
47980.8	
47974.4	
48006.4	
48012.8	
48096	
48064	
48044.8	
48070.4	
48089.6	
48134.4	
48102.4	
48115.2	
48115.2	
48128	
48121.6	
48064	
48083.2	
48051.2	
48032	
48057.6	
48057.6	
48070.4	
48076.8	
48070.4	
48064	
48051.2	
48051.2	
48083.2	
48115.2	
48089.6	
48096	
48057.6	
48038.4	
48032	
48019.2	
48064	
48076.8	
48044.8	
48019.2	
48032	
47987.2	
48070.4	
48038.4	
48051.2	
48038.4	
48057.6	
48057.6	
48038.4	
48064	
48083.2	
48096	
48102.4	
48096	
48076.8	
48057.6	
48057.6	
48044.8	
48044.8	
48057.6	
48089.6	
48076.8	
48089.6	
48096	
48102.4	
48134.4	
48128	
48115.2	
48083.2	
48134.4	
48108.8	
48147.2	
48147.2	
48134.4	
48147.2	
48160	
48140.8	
48115.2	
48140.8	
48160	
48166.4	
48140.8	
48134.4	
48140.8	
48160	
48172.8	
48211.2	
48204.8	
48198.4	
48185.6	
48204.8	
48211.2	
48172.8	
48179.2	
48179.2	
48230.4	
48230.4	
48192	
48224	
48249.6	
48243.2	
48236.8	
48307.2	
48288	
48217.6	
48236.8	
48198.4	
48198.4	
48211.2	
48224	
48256	
48230.4	
48211.2	
48217.6	
48211.2	
48185.6	
48198.4	
48211.2	
48224	
48249.6	
48230.4	
48230.4	
48192	
48230.4	
48211.2	
48185.6	
48204.8	
48192	
48185.6	
48192	
48179.2	
48217.6	
48217.6	
48211.2	
48256	
48262.4	
48275.2	
48262.4	
48281.6	
48281.6	
48281.6	
48345.6	
48326.4	
48352	
48345.6	
48339.2	
48326.4	
48288	
48268.8	
48249.6	
48275.2	
48262.4	
48256	
48262.4	
48211.2	
48198.4	
48204.8	
48204.8	
48230.4	
48217.6	
48179.2	
48211.2	
48198.4	
48198.4	
48185.6	
48198.4	
48211.2	
48230.4	
48217.6	
48204.8	
48192	
48204.8	
48236.8	
48211.2	
48236.8	
48275.2	
48294.4	
48307.2	
48339.2	
48326.4	
48300.8	
48294.4	
48332.8	
48307.2	
48307.2	
48268.8	
48249.6	
48249.6	
48230.4	
48204.8	
48172.8	
48204.8	
48166.4	
48153.6	
48147.2	
48140.8	
48140.8	
48102.4	
48140.8	
48121.6	
48128	
48153.6	
48160	
48172.8	
48172.8	
48192	
48166.4	
48166.4	
48185.6	
48211.2	
48236.8	
48262.4	
48288	
48268.8	
48275.2	
48288	
48268.8	
48268.8	
48243.2	
48217.6	
48217.6	
48268.8	
48256	
48268.8	
48262.4	
48288	
48294.4	
48294.4	
48320	
48352	
48364.8	
48352	
48300.8	
48300.8	
48307.2	
48275.2	
48275.2	
48313.6	
48320	
48326.4	
48307.2	
48294.4	
48307.2	
48326.4	
48313.6	
48300.8	
48300.8	
48275.2	
48268.8	
48339.2	
48307.2	
48313.6	
48281.6	
48300.8	
48268.8	
48300.8	
48307.2	
48326.4	
48326.4	
48300.8	
48320	
48345.6	
48358.4	
48345.6	
48339.2	
48294.4	
48262.4	
48262.4	
48307.2	
48300.8	
48288	
48294.4	
48281.6	
48281.6	
48307.2	
48313.6	
48358.4	
48288	
48300.8	
48326.4	
48332.8	
48320	
48281.6	
48294.4	
48268.8	
48300.8	
48300.8	
48345.6	
48307.2	
48281.6	
48275.2	
48262.4	
48275.2	
48268.8	
48300.8	
48288	
48300.8	
48332.8	
48320	
48320	
48332.8	
48326.4	
48307.2	
48320	
48313.6	
48320	
48307.2	
48326.4	
48345.6	
48371.2	
48377.6	
48390.4	
48390.4	
48396.8	
48345.6	
48326.4	
48294.4	
48249.6	
48281.6	
48294.4	
48294.4	
48300.8	
48294.4	
48307.2	
48313.6	
48339.2	
48345.6	
48352	
48326.4	
48339.2	
48332.8	
48332.8	
48377.6	
48428.8	
48441.6	
48441.6	
48448	
48435.2	
48460.8	
48428.8	
48416	
48384	
48358.4	
48371.2	
48409.6	
48416	
48422.4	
48422.4	
48448	
48492.8	
48524.8	
48499.2	
48518.4	
48524.8	
48518.4	
48505.6	
48537.6	
48556.8	
48531.2	
48518.4	
48518.4	
48537.6	
48544	
48563.2	
48582.4	
48531.2	
48537.6	
48531.2	
48550.4	
48563.2	
48544	
48512	
48467.2	
48467.2	
48473.6	
48454.4	
48428.8	
48390.4	
48403.2	
48396.8	
48428.8	
48384	
48384	
48384	
48416	
48480	
48486.4	
48518.4	
48505.6	
48499.2	
48512	
48486.4	
48467.2	
48435.2	
48409.6	
48403.2	
48396.8	
48428.8	
48428.8	
48377.6	
48364.8	
48358.4	
48339.2	
48358.4	
48371.2	
48364.8	
48332.8	
48326.4	
48345.6	
48345.6	
48345.6	
48345.6	
48384	
48409.6	
48428.8	
48435.2	
48435.2	
48448	
48454.4	
48460.8	
48448	
48384	
48384	
48352	
48416	
48371.2	
48403.2	
48416	
48409.6	
48422.4	
48454.4	
48473.6	
48448	
48454.4	
48473.6	
48454.4	
48448	
48396.8	
48409.6	
48409.6	
48428.8	
48467.2	
48499.2	
48460.8	
48473.6	
48518.4	
48544	
48550.4	
48492.8	
48480	
48441.6	
48416	
48428.8	
48416	
48435.2	
48422.4	
48409.6	
48454.4	
48473.6	
48505.6	
48518.4	
48556.8	
48524.8	
48518.4	
48486.4	
48524.8	
48531.2	
48588.8	
48556.8	
48582.4	
48537.6	
48550.4	
48556.8	
48588.8	
48582.4	
48588.8	
48582.4	
48556.8	
48550.4	
48550.4	
48512	
48512	
48512	
48473.6	
48492.8	
48531.2	
48531.2	
48537.6	
48499.2	
48505.6	
48505.6	
48473.6	
48492.8	
48480	
48499.2	
48486.4	
48512	
48537.6	
48576	
48556.8	
48556.8	
48563.2	
48550.4	
48524.8	
48512	
48512	
48518.4	
48505.6	
48524.8	
48512	
48499.2	
48563.2	
48563.2	
48588.8	
48576	
48563.2	
48569.6	
48588.8	
48569.6	
48550.4	
48544	
48518.4	
48499.2	
48492.8	
48499.2	
48460.8	
48499.2	
48492.8	
48518.4	
48531.2	
48499.2	
48512	
48486.4	
48505.6	
48486.4	
48518.4	
48518.4	
48537.6	
48531.2	
48524.8	
48537.6	
48563.2	
48563.2	
48556.8	
48544	
48569.6	
48556.8	
48556.8	
48595.2	
48608	
48563.2	
48531.2	
48563.2	
48576	
48569.6	
48569.6	
48556.8	
48499.2	
48480	
48505.6	
48486.4	
48486.4	
48492.8	
48512	
48486.4	
48499.2	
48486.4	
48460.8	
48435.2	
48396.8	
48371.2	
48377.6	
48435.2	
48441.6	
48422.4	
48377.6	
48396.8	
48390.4	
48409.6	
48416	
48422.4	
48377.6	
48409.6	
48390.4	
48377.6	
48422.4	
48428.8	
48422.4	
48435.2	
48441.6	
48441.6	
48416	
48416	
48396.8	
48396.8	
48396.8	
48416	
48448	
48396.8	
48409.6	
48428.8	
48435.2	
48460.8	
48454.4	
48505.6	
48448	
48480	
48486.4	
48486.4	
48505.6	
48550.4	
48531.2	
48505.6	
48467.2	
48473.6	
48448	
48396.8	
48416	
48403.2	
48416	
48403.2	
48409.6	
48422.4	
48422.4	
48473.6	
48480	
48499.2	
48492.8	
48473.6	
48441.6	
48492.8	
48499.2	
48473.6	
48512	
48480	
48454.4	
48505.6	
48512	
48492.8	
48492.8	
48486.4	
48473.6	
48486.4	
48486.4	
48480	
48480	
48486.4	
48422.4	
48480	
48499.2	
48512	
48518.4	
48518.4	
48505.6	
48512	
48460.8	
48435.2	
48428.8	
48435.2	
48480	
48441.6	
48454.4	
48448	
48416	
48422.4	
48403.2	
48396.8	
48396.8	
48422.4	
48371.2	
48377.6	
48358.4	
48352	
48364.8	
48377.6	
48403.2	
48396.8	
48441.6	
48416	
48409.6	
48396.8	
48352	
48371.2	
48384	
48435.2	
48454.4	
48486.4	
48460.8	
48480	
48448	
48460.8	
48460.8	
48441.6	
48467.2	
48492.8	
48435.2	
48409.6	
48428.8	
48473.6	
48480	
48467.2	
48448	
48448	
48512	
48492.8	
48467.2	
48480	
48486.4	
48499.2	
48480	
48499.2	
48460.8	
48512	
48492.8	
48473.6	
48480	
48473.6	
48480	
48416	
48416	
48460.8	
48499.2	
48460.8	
48486.4	
48499.2	
48518.4	
48524.8	
48531.2	
48512	
48544	
48499.2	
48486.4	
48486.4	
48531.2	
48524.8	
48531.2	
48512	
48518.4	
48512	
48531.2	
48569.6	
48563.2	
48550.4	
48531.2	
48550.4	
48556.8	
48524.8	
48480	
48454.4	
48454.4	
48480	
48499.2	
48480	
48480	
48492.8	
48544	
48505.6	
48480	
48518.4	
48518.4	
48524.8	
48524.8	
48531.2	
48518.4	
48499.2	
48480	
48505.6	
48518.4	
48556.8	
48569.6	
48569.6	
48569.6	
48582.4	
48601.6	
48582.4	
48595.2	
48620.8	
48614.4	
48620.8	
48601.6	
48614.4	
48608	
48556.8	
48550.4	
48563.2	
48614.4	
48627.2	
48576	
48588.8	
48595.2	
48640	
48614.4	
48633.6	
48640	
48640	
48614.4	
48627.2	
48608	
48595.2	
48588.8	
48620.8	
48588.8	
48576	
48576	
48550.4	
48620.8	
48646.4	
48659.2	
48697.6	
48665.6	
48646.4	
48659.2	
48691.2	
48723.2	
48704	
48729.6	
48716.8	
48729.6	
48710.4	
48729.6	
48716.8	
48704	
48723.2	
48716.8	
48742.4	
48742.4	
48684.8	
48697.6	
48736	
48704	
48704	
48710.4	
48665.6	
48646.4	
48723.2	
48729.6	
48723.2	
48742.4	
48755.2	
48748.8	
48736	
48742.4	
48742.4	
48755.2	
48768	
48793.6	
48780.8	
48748.8	
48748.8	
48748.8	
48736	
48729.6	
48697.6	
48697.6	
48672	
48684.8	
48652.8	
48633.6	
48633.6	
48640	
48627.2	
48633.6	
48601.6	
48576	
48537.6	
48524.8	
48544	
48595.2	
48576	
48576	
48595.2	
48569.6	
48563.2	
48576	
48537.6	
48556.8	
48601.6	
48608	
48576	
48614.4	
48627.2	
48646.4	
48659.2	
48633.6	
48601.6	
48588.8	
48614.4	
48608	
48627.2	
48588.8	
48563.2	
48582.4	
48601.6	
48588.8	
48595.2	
48601.6	
48576	
48627.2	
48640	
48608	
48582.4	
48563.2	
48512	
48531.2	
48576	
48601.6	
48563.2	
48576	
48588.8	
48614.4	
48646.4	
48614.4	
48620.8	
48620.8	
48608	
48620.8	
48614.4	
48659.2	
48672	
48665.6	
48646.4	
48659.2	
48646.4	
48608	
48608	
48614.4	
48614.4	
48601.6	
48659.2	
48684.8	
48691.2	
48684.8	
48704	
48710.4	
48742.4	
48755.2	
48742.4	
48742.4	
48704	
48665.6	
48620.8	
48665.6	
48672	
48684.8	
48697.6	
48729.6	
48736	
48755.2	
48748.8	
48723.2	
48723.2	
48710.4	
48729.6	
48710.4	
48710.4	
48742.4	
48761.6	
48742.4	
48729.6	
48736	
48748.8	
48723.2	
48716.8	
48691.2	
48684.8	
48704	
48646.4	
48646.4	
48665.6	
48620.8	
48633.6	
48627.2	
48640	
48620.8	
48646.4	
48672	
48672	
48659.2	
48678.4	
48678.4	
48691.2	
48691.2	
48697.6	
48704	
48710.4	
48704	
48691.2	
48691.2	
48678.4	
48697.6	
48710.4	
48723.2	
48704	
48678.4	
48640	
48595.2	
48652.8	
48627.2	
48601.6	
48614.4	
48620.8	
48608	
48601.6	
48588.8	
48582.4	
48563.2	
48614.4	
48608	
48640	
48659.2	
48672	
48684.8	
48684.8	
48691.2	
48755.2	
48761.6	
48761.6	
48774.4	
48787.2	
48774.4	
48793.6	
48806.4	
48774.4	
48761.6	
48800	
48793.6	
48755.2	
48780.8	
48755.2	
48761.6	
48748.8	
48716.8	
48684.8	
48742.4	
48710.4	
48691.2	
48678.4	
48697.6	
48672	
48646.4	
48665.6	
48684.8	
48678.4	
48691.2	
48665.6	
48678.4	
48684.8	
48684.8	
48697.6	
48684.8	
48697.6	
48729.6	
48729.6	
48716.8	
48716.8	
48710.4	
48678.4	
48710.4	
48697.6	
48729.6	
48729.6	
48729.6	
48748.8	
48729.6	
48729.6	
48736	
48755.2	
48755.2	
48774.4	
48768	
48748.8	
48742.4	
48755.2	
48761.6	
48819.2	
48806.4	
48832	
48793.6	
48812.8	
48761.6	
48761.6	
48716.8	
48729.6	
48742.4	
48755.2	
48755.2	
48761.6	
48768	
48729.6	
48748.8	
48723.2	
48710.4	
48697.6	
48736	
48742.4	
48736	
48736	
48755.2	
48729.6	
48710.4	
48697.6	
48704	
48716.8	
48704	
48697.6	
48697.6	
48684.8	
48716.8	
48748.8	
48774.4	
48748.8	
48780.8	
48812.8	
48800	
48768	
48761.6	
48761.6	
48812.8	
48819.2	
48806.4	
48780.8	
48787.2	
48787.2	
48768	
48748.8	
48761.6	
48774.4	
48787.2	
48768	
48768	
48787.2	
48755.2	
48755.2	
48742.4	
48768	
48742.4	
48780.8	
48768	
48787.2	
48812.8	
48768	
48729.6	
48768	
48748.8	
48742.4	
48716.8	
48691.2	
48710.4	
48697.6	
48736	
48736	
48716.8	
48704	
48704	
48678.4	
48665.6	
48614.4	
48556.8	
48537.6	
48556.8	
48556.8	
48569.6	
48544	
48563.2	
48544	
48480	
48460.8	
48486.4	
48518.4	
48531.2	
48556.8	
48556.8	
48550.4	
48524.8	
48550.4	
48576	
48582.4	
48576	
48601.6	
48601.6	
48614.4	
48633.6	
48627.2	
48595.2	
48524.8	
48537.6	
48518.4	
48505.6	
48544	
48537.6	
48620.8	
48595.2	
48588.8	
48588.8	
48556.8	
48563.2	
48595.2	
48646.4	
48633.6	
48640	
48640	
48646.4	
48582.4	
48601.6	
48601.6	
48601.6	
48620.8	
48601.6	
48614.4	
48620.8	
48601.6	
48620.8	
48691.2	
48691.2	
48716.8	
48729.6	
48665.6	
48665.6	
48691.2	
48729.6	
48748.8	
48742.4	
48761.6	
48761.6	
48742.4	
48768	
48736	
48736	
48723.2	
48736	
48729.6	
48723.2	
48723.2	
48736	
48761.6	
48704	
48691.2	
48723.2	
48729.6	
48723.2	
48684.8	
48678.4	
48691.2	
48723.2	
48723.2	
48697.6	
48678.4	
48710.4	
48723.2	
48729.6	
48742.4	
48723.2	
48742.4	
48716.8	
48691.2	
48652.8	
48595.2	
48659.2	
48710.4	
48684.8	
48716.8	
48716.8	
48742.4	
48793.6	
48825.6	
48812.8	
48793.6	
48787.2	
48780.8	
48774.4	
48806.4	
48806.4	
48787.2	
48819.2	
48838.4	
48844.8	
48832	
48825.6	
48857.6	
48838.4	
48825.6	
48812.8	
48825.6	
48832	
48832	
48851.2	
48844.8	
48857.6	
48857.6	
48889.6	
48825.6	
48819.2	
48825.6	
48851.2	
48832	
48838.4	
48832	
48800	
48787.2	
48774.4	
48774.4	
48787.2	
48806.4	
48793.6	
48761.6	
48755.2	
48729.6	
48761.6	
48761.6	
48768	
48787.2	
48812.8	
48793.6	
48819.2	
48806.4	
48800	
48800	
48800	
48812.8	
48832	
48819.2	
48812.8	
48800	
48832	
48838.4	
48870.4	
48896	
48876.8	
48902.4	
48896	
48876.8	
48851.2	
48864	
48908.8	
48940.8	
48947.2	
48960	
48934.4	
48934.4	
48940.8	
48934.4	
48947.2	
48966.4	
48940.8	
48934.4	
48940.8	
48934.4	
48915.2	
48896	
48953.6	
48947.2	
48940.8	
48934.4	
48921.6	
48915.2	
48908.8	
48889.6	
48870.4	
48883.2	
48883.2	
48902.4	
48902.4	
48896	
48915.2	
48896	
48889.6	
48908.8	
48921.6	
48889.6	
48921.6	
48953.6	
48960	
48966.4	
48992	
48992	
49004.8	
49017.6	
49004.8	
48985.6	
48966.4	
48928	
48940.8	
48947.2	
48928	
48908.8	
48915.2	
48921.6	
48908.8	
48915.2	
48876.8	
48896	
48940.8	
48928	
48947.2	
48947.2	
48960	
48979.2	
49017.6	
49017.6	
49030.4	
49056	
49036.8	
49024	
49017.6	
49011.2	
48998.4	
48992	
48960	
48947.2	
48921.6	
48928	
48940.8	
48953.6	
48960	
49011.2	
49011.2	
49024	
49004.8	
48979.2	
48998.4	
49004.8	
49004.8	
48998.4	
49024	
48998.4	
49004.8	
49004.8	
49024	
48979.2	
48998.4	
49004.8	
48960	
48953.6	
48940.8	
48928	
48864	
48889.6	
48883.2	
48825.6	
48844.8	
48844.8	
48851.2	
48870.4	
48857.6	
48902.4	
48966.4	
48972.8	
48992	
49004.8	
48985.6	
48985.6	
48985.6	
49011.2	
49036.8	
49036.8	
49024	
49004.8	
48985.6	
48998.4	
49011.2	
49004.8	
49024	
49011.2	
49004.8	
48972.8	
49024	
49056	
49049.6	
49049.6	
49043.2	
48985.6	
49004.8	
49036.8	
49011.2	
48992	
48979.2	
48992	
48979.2	
48985.6	
48972.8	
48985.6	
48953.6	
48947.2	
48947.2	
48960	
48979.2	
49004.8	
49024	
49004.8	
48998.4	
49011.2	
49004.8	
49017.6	
48998.4	
48979.2	
48998.4	
49017.6	
49024	
49011.2	
49017.6	
49004.8	
48992	
48985.6	
49017.6	
48998.4	
48998.4	
48985.6	
49004.8	
49017.6	
48979.2	
48992	
48992	
49011.2	
48998.4	
48992	
48979.2	
48992	
49004.8	
48966.4	
48992	
48940.8	
48896	
48883.2	
48876.8	
48851.2	
48857.6	
48864	
48838.4	
48838.4	
48825.6	
48793.6	
48774.4	
48838.4	
48844.8	
48844.8	
48806.4	
48800	
48800	
48787.2	
48768	
48787.2	
48812.8	
48812.8	
48844.8	
48864	
48870.4	
48870.4	
48870.4	
48889.6	
48864	
48857.6	
48857.6	
48832	
48832	
48864	
48876.8	
48870.4	
48883.2	
48876.8	
48889.6	
48902.4	
48876.8	
48915.2	
48902.4	
48889.6	
48876.8	
48870.4	
48876.8	
48870.4	
48889.6	
48883.2	
48876.8	
48857.6	
48851.2	
48851.2	
48857.6	
48876.8	
48896	
48896	
48928	
48960	
48908.8	
48908.8	
48896	
48864	
48851.2	
48857.6	
48857.6	
48870.4	
48857.6	
48870.4	
48857.6	
48832	
48838.4	
48838.4	
48851.2	
48844.8	
48870.4	
48864	
48838.4	
48864	
48902.4	
48921.6	
48928	
48979.2	
48998.4	
48998.4	
48966.4	
48947.2	
48953.6	
48928	
48896	
48921.6	
48921.6	
48915.2	
48921.6	
48940.8	
48928	
48921.6	
48966.4	
48960	
48992	
49011.2	
49017.6	
49030.4	
49049.6	
49011.2	
49024	
49062.4	
49068.8	
49113.6	
49100.8	
49088	
49062.4	
49011.2	
48985.6	
48992	
49004.8	
49011.2	
49030.4	
49024	
48972.8	
48960	
48934.4	
48902.4	
48928	
48915.2	
48928	
48915.2	
48928	
48934.4	
48928	
48915.2	
48934.4	
48915.2	
48876.8	
48915.2	
48870.4	
48902.4	
48889.6	
48883.2	
48896	
48915.2	
48972.8	
48972.8	
48998.4	
48985.6	
48966.4	
48966.4	
48972.8	
48979.2	
48960	
48979.2	
48985.6	
48972.8	
48979.2	
48953.6	
48934.4	
48928	
48934.4	
48902.4	
48896	
48896	
48883.2	
48876.8	
48896	
48883.2	
48832	
48832	
48851.2	
48844.8	
48876.8	
48857.6	
48857.6	
48889.6	
48883.2	
48896	
48928	
48889.6	
48902.4	
48851.2	
48915.2	
48883.2	
48844.8	
48819.2	
48844.8	
48838.4	
48838.4	
48844.8	
48844.8	
48819.2	
48806.4	
48819.2	
48825.6	
48819.2	
48774.4	
48761.6	
48755.2	
48729.6	
48716.8	
48678.4	
48736	
48736	
48742.4	
48742.4	
48755.2	
48748.8	
48729.6	
48729.6	
48748.8	
48736	
48761.6	
48768	
48768	
48780.8	
48793.6	
48812.8	
48793.6	
48780.8	
48793.6	
48851.2	
48889.6	
48883.2	
48908.8	
48921.6	
48889.6	
48889.6	
48876.8	
48857.6	
48864	
48851.2	
48838.4	
48864	
48876.8	
48838.4	
48774.4	
48774.4	
48793.6	
48812.8	
48819.2	
48819.2	
48787.2	
48806.4	
48844.8	
48832	
48844.8	
48857.6	
48838.4	
48838.4	
48857.6	
48883.2	
48883.2	
48915.2	
48889.6	
48902.4	
48889.6	
48902.4	
48889.6	
48896	
48883.2	
48851.2	
48844.8	
48844.8	
48870.4	
48889.6	
48883.2	
48876.8	
48902.4	
48908.8	
48908.8	
48934.4	
48953.6	
48979.2	
48972.8	
49004.8	
48998.4	
48998.4	
48985.6	
48966.4	
48985.6	
48998.4	
48947.2	
48966.4	
48966.4	
48979.2	
48992	
48960	
49004.8	
49030.4	
49017.6	
49017.6	
48940.8	
48947.2	
48953.6	
48960	
48940.8	
48908.8	
48921.6	
48960	
48972.8	
48972.8	
48940.8	
48908.8	
48908.8	
48928	
48940.8	
48934.4	
48921.6	
48915.2	
48915.2	
48857.6	
48812.8	
48793.6	
48768	
48819.2	
48844.8	
48825.6	
48832	
48876.8	
48883.2	
48876.8	
48908.8	
48908.8	
48908.8	
48915.2	
48947.2	
48960	
48953.6	
48934.4	
48896	
48870.4	
48889.6	
48883.2	
48889.6	
48889.6	
48870.4	
48889.6	
48876.8	
48838.4	
48819.2	
48851.2	
48838.4	
48844.8	
48876.8	
48889.6	
48851.2	
48825.6	
48800	
48800	
48787.2	
48793.6	
48793.6	
48793.6	
48736	
48736	
48787.2	
48812.8	
48844.8	
48870.4	
48876.8	
48876.8	
48883.2	
48889.6	
48896	
48921.6	
48953.6	
48966.4	
48953.6	
48972.8	
48960	
48998.4	
48979.2	
48985.6	
48998.4	
49004.8	
49036.8	
48992	
48992	
48960	
48915.2	
48928	
48908.8	
48902.4	
48908.8	
48915.2	
48928	
48921.6	
48889.6	
48896	
48902.4	
48902.4	
48883.2	
48857.6	
48876.8	
48896	
48921.6	
48921.6	
48876.8	
48921.6	
48896	
48902.4	
48908.8	
48870.4	
48902.4	
48896	
48876.8	
48832	
48806.4	
48774.4	
48819.2	
48806.4	
48800	
48838.4	
48870.4	
48851.2	
48864	
48889.6	
48883.2	
48864	
48857.6	
48838.4	
48889.6	
48896	
48889.6	
48876.8	
48851.2	
48838.4	
48832	
48844.8	
48832	
48838.4	
48819.2	
48819.2	
48806.4	
48755.2	
48819.2	
48825.6	
48825.6	
48857.6	
48883.2	
48921.6	
48972.8	
48940.8	
48947.2	
48934.4	
48966.4	
48979.2	
48966.4	
48979.2	
48992	
48979.2	
48966.4	
48985.6	
48985.6	
48953.6	
48940.8	
48960	
48966.4	
48947.2	
48947.2	
48966.4	
48940.8	
48947.2	
48947.2	
48947.2	
48947.2	
48979.2	
48972.8	
48985.6	
48985.6	
48953.6	
48947.2	
48992	
48998.4	
48992	
49030.4	
49017.6	
49017.6	
49017.6	
49049.6	
49043.2	
49036.8	
49004.8	
49011.2	
49043.2	
49062.4	
49075.2	
49088	
49081.6	
49100.8	
49132.8	
49132.8	
49145.6	
49126.4	
49126.4	
49120	
49139.2	
49126.4	
49075.2	
49062.4	
49056	
49088	
49100.8	
49107.2	
49107.2	
49113.6	
49120	
49126.4	
49158.4	
49190.4	
49184	
49158.4	
49145.6	
49152	
49120	
49132.8	
49094.4	
49068.8	
49075.2	
49088	
49075.2	
49062.4	
49056	
49081.6	
49094.4	
49088	
49068.8	
49062.4	
49056	
49062.4	
49075.2	
49043.2	
49036.8	
49056	
49036.8	
49049.6	
49024	
49075.2	
49075.2	
49068.8	
49075.2	
49081.6	
49100.8	
49068.8	
49094.4	
49036.8	
49049.6	
49062.4	
49088	
49068.8	
49068.8	
49100.8	
49113.6	
49094.4	
49075.2	
49068.8	
49062.4	
49030.4	
49049.6	
49062.4	
49094.4	
49094.4	
49088	
49030.4	
49043.2	
49049.6	
49062.4	
49094.4	
49100.8	
49088	
49094.4	
49113.6	
49100.8	
49107.2	
49100.8	
49107.2	
49120	
49126.4	
49107.2	
49107.2	
49100.8	
49113.6	
49145.6	
49139.2	
49145.6	
49126.4	
49126.4	
49177.6	
49184	
49171.2	
49120	
49139.2	
49126.4	
49107.2	
49139.2	
49139.2	
49132.8	
49094.4	
49075.2	
49030.4	
49036.8	
49068.8	
49056	
49075.2	
49062.4	
49043.2	
49043.2	
49024	
49036.8	
49056	
49062.4	
49120	
49107.2	
49081.6	
49088	
49075.2	
49056	
49075.2	
49043.2	
49024	
49030.4	
49024	
49056	
49081.6	
49043.2	
49036.8	
49017.6	
49024	
49043.2	
49056	
49068.8	
49068.8	
49056	
49049.6	
49081.6	
49081.6	
49049.6	
49049.6	
49075.2	
49075.2	
49139.2	
49158.4	
49158.4	
49145.6	
49120	
49152	
49171.2	
49152	
49164.8	
49190.4	
49177.6	
49158.4	
49196.8	
49196.8	
49209.6	
49184	
49216	
49184	
49139.2	
49152	
49139.2	
49132.8	
49139.2	
49145.6	
49107.2	
49145.6	
49120	
49100.8	
49100.8	
49100.8	
49113.6	
49126.4	
49100.8	
49120	
49132.8	
49145.6	
49145.6	
49126.4	
49152	
49158.4	
49158.4	
49177.6	
49177.6	
49139.2	
49152	
49139.2	
49152	
49126.4	
49113.6	
49126.4	
49100.8	
49056	
49056	
49068.8	
49075.2	
49075.2	
49094.4	
49081.6	
49075.2	
49088	
49100.8	
49094.4	
49056	
49062.4	
49036.8	
49049.6	
49024	
49068.8	
49062.4	
49068.8	
49088	
49152	
49177.6	
49152	
49190.4	
49190.4	
49152	
49164.8	
49158.4	
49158.4	
49158.4	
49158.4	
49139.2	
49132.8	
49139.2	
49139.2	
49126.4	
49120	
49113.6	
49120	
49107.2	
49113.6	
49126.4	
49126.4	
49094.4	
49075.2	
49068.8	
49043.2	
49081.6	
49049.6	
49036.8	
49068.8	
49107.2	
49094.4	
49062.4	
49075.2	
49062.4	
49056	
49062.4	
49088	
49100.8	
49107.2	
49113.6	
49100.8	
49120	
49113.6	
49113.6	
49113.6	
49126.4	
49100.8	
49113.6	
49126.4	
49107.2	
49107.2	
49113.6	
49088	
49081.6	
49088	
49088	
49088	
49094.4	
49107.2	
49120	
49107.2	
49094.4	
49049.6	
49043.2	
49043.2	
49036.8	
49011.2	
48992	
49011.2	
49030.4	
48992	
49004.8	
48998.4	
49004.8	
49011.2	
49004.8	
48992	
48985.6	
49030.4	
49049.6	
49062.4	
49100.8	
49139.2	
49152	
49164.8	
49152	
49177.6	
49094.4	
49068.8	
49036.8	
49030.4	
49030.4	
49075.2	
49056	
49062.4	
49068.8	
49075.2	
49075.2	
49088	
49075.2	
49081.6	
49062.4	
49062.4	
49056	
49017.6	
49004.8	
48972.8	
48985.6	
48998.4	
49011.2	
49004.8	
49004.8	
49004.8	
48998.4	
48953.6	
48921.6	
48934.4	
48928	
48921.6	
48928	
48915.2	
48908.8	
48928	
48921.6	
48928	
48972.8	
48979.2	
48972.8	
48966.4	
48908.8	
48915.2	
48908.8	
48889.6	
48896	
48876.8	
48889.6	
48883.2	
48851.2	
48864	
48844.8	
48870.4	
48864	
48883.2	
48896	
48883.2	
48883.2	
48876.8	
48832	
48832	
48787.2	
48780.8	
48755.2	
48800	
48755.2	
48755.2	
48748.8	
48742.4	
48800	
48787.2	
48793.6	
48755.2	
48800	
48800	
48819.2	
48806.4	
48844.8	
48844.8	
48800	
48832	
48851.2	
48864	
48851.2	
48825.6	
48832	
48896	
48908.8	
48876.8	
48883.2	
48870.4	
48864	
48825.6	
48832	
48851.2	
48844.8	
48800	
48774.4	
48736	
48742.4	
48768	
48800	
48774.4	
48768	
48793.6	
48716.8	
48748.8	
48787.2	
48787.2	
48812.8	
48800	
48800	
48812.8	
48793.6	
48832	
48851.2	
48883.2	
48902.4	
48915.2	
48883.2	
48870.4	
48819.2	
48889.6	
48851.2	
48838.4	
48844.8	
48844.8	
48844.8	
48921.6	
48953.6	
48960	
48960	
48966.4	
48998.4	
49004.8	
49011.2	
48998.4	
48985.6	
48947.2	
48928	
48934.4	
48928	
48928	
48940.8	
48940.8	
48947.2	
48972.8	
48998.4	
49024	
49068.8	
49120	
49145.6	
49158.4	
49158.4	
49164.8	
49158.4	
49126.4	
49145.6	
49145.6	
49171.2	
49164.8	
49184	
49158.4	
49158.4	
49158.4	
49126.4	
49139.2	
49139.2	
49158.4	
49164.8	
49145.6	
49139.2	
49139.2	
49171.2	
49164.8	
49132.8	
49132.8	
49145.6	
49132.8	
49113.6	
49107.2	
49100.8	
49088	
49081.6	
49075.2	
49094.4	
49094.4	
49107.2	
49094.4	
49081.6	
49068.8	
49043.2	
49036.8	
49024	
49043.2	
49062.4	
49088	
49113.6	
49107.2	
49107.2	
49081.6	
49068.8	
49094.4	
49113.6	
49126.4	
49113.6	
49075.2	
49068.8	
49081.6	
49056	
49081.6	
49081.6	
49049.6	
49030.4	
49056	
49043.2	
49056	
49068.8	
49075.2	
49062.4	
49030.4	
49024	
49036.8	
49036.8	
49030.4	
49011.2	
49030.4	
49036.8	
49068.8	
49017.6	
49017.6	
49030.4	
49043.2	
49030.4	
49049.6	
49030.4	
48998.4	
49011.2	
49017.6	
49030.4	
49036.8	
48998.4	
48979.2	
49004.8	
48953.6	
48921.6	
48928	
48915.2	
48940.8	
48960	
48947.2	
48953.6	
48940.8	
48921.6	
48960	
49011.2	
49017.6	
49004.8	
48966.4	
48953.6	
48979.2	
48992	
48998.4	
49036.8	
49036.8	
49011.2	
48979.2	
48928	
48960	
48921.6	
48979.2	
48934.4	
48947.2	
48940.8	
48992	
48992	
49004.8	
48998.4	
48985.6	
48940.8	
48908.8	
48870.4	
48844.8	
48864	
48838.4	
48832	
48844.8	
48883.2	
48928	
48915.2	
48921.6	
48928	
48928	
48985.6	
48992	
48992	
48985.6	
48947.2	
48940.8	
48960	
48985.6	
48985.6	
48966.4	
48998.4	
49011.2	
49024	
49017.6	
49075.2	
49081.6	
49081.6	
49088	
49075.2	
49062.4	
49030.4	
48979.2	
48966.4	
48915.2	
48908.8	
48940.8	
48928	
48940.8	
48979.2	
48992	
49043.2	
49049.6	
49049.6	
49043.2	
49081.6	
49088	
49094.4	
49107.2	
49113.6	
49113.6	
49081.6	
49094.4	
49113.6	
49094.4	
49164.8	
49164.8	
49139.2	
49152	
49152	
49126.4	
49139.2	
49139.2	
49126.4	
49113.6	
49094.4	
49068.8	
49075.2	
49088	
49088	
49075.2	
49068.8	
49081.6	
49068.8	
49068.8	
49024	
49024	
49036.8	
49004.8	
49024	
49056	
49004.8	
48947.2	
48953.6	
48940.8	
48972.8	
48947.2	
48960	
48985.6	
49011.2	
49036.8	
49017.6	
49036.8	
49043.2	
49030.4	
49024	
48972.8	
48953.6	
48953.6	
48985.6	
48972.8	
48992	
49011.2	
49011.2	
48966.4	
48966.4	
48966.4	
48953.6	
48985.6	
48940.8	
48953.6	
48979.2	
48979.2	
48934.4	
48928	
48947.2	
48979.2	
48972.8	
48960	
48953.6	
48979.2	
48966.4	
48934.4	
48902.4	
48928	
48921.6	
48979.2	
48998.4	
49036.8	
49024	
49017.6	
48998.4	
49004.8	
49004.8	
49011.2	
49043.2	
49017.6	
49030.4	
49030.4	
49036.8	
49100.8	
49068.8	
49062.4	
49126.4	
49126.4	
49113.6	
49081.6	
49075.2	
49094.4	
49100.8	
49139.2	
49158.4	
49126.4	
49094.4	
49113.6	
49088	
49075.2	
49081.6	
49062.4	
49107.2	
49100.8	
49056	
49043.2	
49068.8	
49056	
49088	
49036.8	
49017.6	
49062.4	
49075.2	
49094.4	
49107.2	
49113.6	
49113.6	
49113.6	
49158.4	
49164.8	
49177.6	
49196.8	
49203.2	
49203.2	
49203.2	
49184	
49235.2	
49235.2	
49241.6	
49241.6	
49248	
49222.4	
49171.2	
49171.2	
49171.2	
49196.8	
49203.2	
49196.8	
49164.8	
49164.8	
49171.2	
49164.8	
49164.8	
49171.2	
49152	
49113.6	
49158.4	
49152	
49145.6	
49152	
49158.4	
49139.2	
49094.4	
49113.6	
49164.8	
49145.6	
49094.4	
49075.2	
49081.6	
49113.6	
49126.4	
49177.6	
49177.6	
49203.2	
49164.8	
49158.4	
49152	
49120	
49088	
49139.2	
49120	
49120	
49094.4	
49113.6	
49107.2	
49075.2	
49068.8	
49062.4	
49049.6	
49049.6	
49043.2	
49004.8	
49011.2	
49049.6	
49017.6	
49024	
48979.2	
48940.8	
48953.6	
48985.6	
48992	
49011.2	
48992	
48998.4	
48985.6	
49004.8	
48985.6	
49011.2	
49036.8	
49036.8	
49043.2	
49017.6	
49011.2	
49030.4	
49030.4	
49036.8	
49043.2	
49056	
49024	
48998.4	
48998.4	
49004.8	
49017.6	
48985.6	
49011.2	
49036.8	
49049.6	
49062.4	
49056	
49043.2	
49017.6	
48992	
48953.6	
48992	
48998.4	
49017.6	
49011.2	
49017.6	
49011.2	
48985.6	
48992	
49024	
49017.6	
49011.2	
48998.4	
49030.4	
49004.8	
48985.6	
49004.8	
49017.6	
48998.4	
49011.2	
49004.8	
48998.4	
48940.8	
48966.4	
48934.4	
48960	
48960	
48998.4	
48966.4	
48985.6	
48966.4	
48972.8	
48985.6	
48947.2	
48985.6	
49030.4	
49017.6	
49017.6	
49030.4	
49024	
49004.8	
49024	
49036.8	
49011.2	
49004.8	
49024	
49075.2	
49068.8	
49094.4	
49126.4	
49120	
49158.4	
49139.2	
49145.6	
49132.8	
49132.8	
49139.2	
49132.8	
49139.2	
49126.4	
49145.6	
49145.6	
49132.8	
49164.8	
49145.6	
49145.6	
49158.4	
49158.4	
49190.4	
49196.8	
49209.6	
49209.6	
49196.8	
49190.4	
49196.8	
49209.6	
49203.2	
49190.4	
49158.4	
49132.8	
49120	
49132.8	
49113.6	
49139.2	
49120	
49132.8	
49120	
49100.8	
49075.2	
49062.4	
49068.8	
49100.8	
49145.6	
49145.6	
49158.4	
49132.8	
49132.8	
49145.6	
49145.6	
49132.8	
49120	
49107.2	
49113.6	
49094.4	
49081.6	
49056	
49024	
49030.4	
49017.6	
49056	
49088	
49113.6	
49088	
49056	
49043.2	
49062.4	
49107.2	
49126.4	
49113.6	
49113.6	
49094.4	
49068.8	
49081.6	
49068.8	
49088	
49107.2	
49107.2	
49094.4	
49088	
49088	
49036.8	
49062.4	
49056	
49036.8	
49011.2	
48992	
49017.6	
49017.6	
49049.6	
49056	
49062.4	
49068.8	
49068.8	
49068.8	
49049.6	
49068.8	
49036.8	
49068.8	
49049.6	
49081.6	
49094.4	
49062.4	
49088	
49081.6	
49043.2	
49043.2	
49043.2	
49043.2	
49068.8	
49094.4	
49120	
49107.2	
49088	
49081.6	
49075.2	
49062.4	
49088	
49088	
49081.6	
49062.4	
49056	
49062.4	
49081.6	
49088	
49100.8	
49088	
49107.2	
49088	
49100.8	
49152	
49094.4	
49139.2	
49126.4	
49088	
49107.2	
49100.8	
49081.6	
49081.6	
49094.4	
49075.2	
49094.4	
49107.2	
49152	
49158.4	
49158.4	
49145.6	
49171.2	
49184	
49190.4	
49222.4	
49222.4	
49254.4	
49248	
49267.2	
49235.2	
49241.6	
49260.8	
49273.6	
49260.8	
49254.4	
49299.2	
49280	
49273.6	
49267.2	
49292.8	
49273.6	
49248	
49267.2	
49280	
49292.8	
49299.2	
49286.4	
49222.4	
49248	
49280	
49292.8	
49305.6	
49312	
49286.4	
49260.8	
49248	
49228.8	
49216	
49216	
49241.6	
49254.4	
49260.8	
49280	
49260.8	
49280	
49267.2	
49273.6	
49228.8	
49203.2	
49171.2	
49228.8	
49235.2	
49235.2	
49273.6	
49248	
49241.6	
49248	
49216	
49184	
49190.4	
49203.2	
49177.6	
49196.8	
49139.2	
49132.8	
49132.8	
49171.2	
49171.2	
49190.4	
49209.6	
49145.6	
49152	
49145.6	
49120	
49145.6	
49152	
49139.2	
49132.8	
49158.4	
49152	
49145.6	
49113.6	
49126.4	
49145.6	
49132.8	
49120	
49100.8	
49113.6	
49120	
49081.6	
49100.8	
49126.4	
49100.8	
49088	
49113.6	
49113.6	
49132.8	
49132.8	
49145.6	
49145.6	
49145.6	
49158.4	
49120	
49100.8	
49056	
49068.8	
49056	
49094.4	
49132.8	
49126.4	
49145.6	
49177.6	
49145.6	
49158.4	
49094.4	
49100.8	
49100.8	
49100.8	
49107.2	
49139.2	
49132.8	
49088	
49094.4	
49049.6	
49075.2	
49068.8	
49100.8	
49107.2	
49088	
49081.6	
49075.2	
49088	
49043.2	
49030.4	
49075.2	
49043.2	
49036.8	
49043.2	
49100.8	
49068.8	
49075.2	
49081.6	
49075.2	
49094.4	
49068.8	
49075.2	
49075.2	
49107.2	
49094.4	
49075.2	
49036.8	
49030.4	
49024	
49036.8	
49024	
49049.6	
49036.8	
49030.4	
49049.6	
49030.4	
48998.4	
48998.4	
48992	
48992	
48985.6	
49024	
49056	
49011.2	
49043.2	
49049.6	
49056	
49017.6	
48985.6	
49030.4	
49030.4	
49011.2	
49068.8	
49088	
49088	
49056	
49049.6	
49081.6	
49056	
49088	
49113.6	
49126.4	
49132.8	
49145.6	
49126.4	
49126.4	
49120	
49113.6	
49094.4	
49100.8	
49107.2	
49068.8	
49081.6	
49100.8	
49075.2	
49113.6	
49126.4	
49158.4	
49164.8	
49184	
49196.8	
49196.8	
49203.2	
49209.6	
49209.6	
49216	
49209.6	
49171.2	
49203.2	
49184	
49190.4	
49158.4	
49113.6	
49139.2	
49100.8	
49107.2	
49113.6	
49139.2	
49132.8	
49171.2	
49158.4	
49171.2	
49171.2	
49190.4	
49190.4	
49177.6	
49184	
49158.4	
49107.2	
49107.2	
49113.6	
49120	
49152	
49190.4	
49196.8	
49196.8	
49184	
49190.4	
49177.6	
49190.4	
49203.2	
49196.8	
49196.8	
49203.2	
49190.4	
49196.8	
49209.6	
49158.4	
49094.4	
49094.4	
49081.6	
49088	
49062.4	
49017.6	
49011.2	
49036.8	
49036.8	
49011.2	
49004.8	
49011.2	
49043.2	
49024	
49062.4	
49017.6	
49030.4	
49062.4	
49100.8	
49081.6	
49049.6	
49049.6	
49024	
49043.2	
49081.6	
49081.6	
49075.2	
49068.8	
49056	
49075.2	
49036.8	
49043.2	
49030.4	
49011.2	
49056	
49049.6	
49056	
49088	
49081.6	
49081.6	
49088	
49068.8	
49062.4	
49088	
49094.4	
49113.6	
49113.6	
49113.6	
49132.8	
49100.8	
49094.4	
49107.2	
49139.2	
49132.8	
49139.2	
49158.4	
49164.8	
49171.2	
49177.6	
49164.8	
49145.6	
49184	
49190.4	
49190.4	
49152	
49152	
49203.2	
49203.2	
49177.6	
49184	
49228.8	
49235.2	
49228.8	
49209.6	
49196.8	
49171.2	
49139.2	
49120	
49152	
49139.2	
49107.2	
49088	
49139.2	
49145.6	
49126.4	
49107.2	
49139.2	
49158.4	
49152	
49152	
49152	
49158.4	
49164.8	
49184	
49171.2	
49171.2	
49145.6	
49158.4	
49139.2	
49113.6	
49132.8	
49158.4	
49113.6	
49100.8	
49075.2	
49062.4	
49075.2	
49081.6	
49100.8	
49132.8	
49152	
49145.6	
49152	
49177.6	
49196.8	
49190.4	
49177.6	
49184	
49171.2	
49152	
49139.2	
49113.6	
49132.8	
49139.2	
49126.4	
49132.8	
49171.2	
49209.6	
49190.4	
49152	
49184	
49158.4	
49145.6	
49171.2	
49164.8	
49152	
49132.8	
49120	
49171.2	
49184	
49171.2	
49190.4	
49216	
49228.8	
49216	
49235.2	
49196.8	
49190.4	
49190.4	
49222.4	
49216	
49190.4	
49203.2	
49216	
49222.4	
49254.4	
49248	
49273.6	
49235.2	
49235.2	
49222.4	
49216	
49216	
49216	
49190.4	
49228.8	
49222.4	
49216	
49235.2	
49248	
49248	
49267.2	
49273.6	
49235.2	
49235.2	
49209.6	
49177.6	
49164.8	
49171.2	
49164.8	
49209.6	
49209.6	
49235.2	
49228.8	
49248	
49241.6	
49235.2	
49228.8	
49235.2	
49203.2	
49196.8	
49203.2	
49171.2	
49177.6	
49177.6	
49171.2	
49139.2	
49139.2	
49177.6	
49190.4	
49126.4	
49113.6	
49152	
49094.4	
49107.2	
49158.4	
49139.2	
49113.6	
49107.2	
49113.6	
49081.6	
49088	
49100.8	
49100.8	
49081.6	
49075.2	
49068.8	
49081.6	
49075.2	
49068.8	
49075.2	
49094.4	
49068.8	
49036.8	
49056	
49068.8	
49088	
49113.6	
49126.4	
49107.2	
49132.8	
49139.2	
49126.4	
49094.4	
49107.2	
49100.8	
49075.2	
49075.2	
49075.2	
49075.2	
49107.2	
49113.6	
49126.4	
49113.6	
49068.8	
49081.6	
49081.6	
49068.8	
49075.2	
49056	
49068.8	
49075.2	
49107.2	
49120	
49120	
49113.6	
49113.6	
49062.4	
49062.4	
49068.8	
49068.8	
49068.8	
49081.6	
49100.8	
49100.8	
49100.8	
49068.8	
49056	
49075.2	
49100.8	
49164.8	
49145.6	
49152	
49216	
49196.8	
49190.4	
49164.8	
49164.8	
49158.4	
49196.8	
49171.2	
49209.6	
49209.6	
49209.6	
49203.2	
49216	
49190.4	
49209.6	
49235.2	
49280	
49260.8	
49273.6	
49273.6	
49273.6	
49286.4	
49312	
49344	
49312	
49324.8	
49324.8	
49305.6	
49312	
49305.6	
49292.8	
49324.8	
49337.6	
49331.2	
49337.6	
49305.6	
49292.8	
49273.6	
49280	
49267.2	
49260.8	
49273.6	
49267.2	
49235.2	
49216	
49216	
49209.6	
49222.4	
49209.6	
49209.6	
49203.2	
49235.2	
49235.2	
49228.8	
49216	
49248	
49248	
49216	
49177.6	
49177.6	
49190.4	
49177.6	
49164.8	
49126.4	
49152	
49152	
49177.6	
49171.2	
49190.4	
49209.6	
49203.2	
49222.4	
49209.6	
49235.2	
49209.6	
49164.8	
49190.4	
49196.8	
49177.6	
49190.4	
49152	
49164.8	
49241.6	
49241.6	
49235.2	
49228.8	
49248	
49248	
49267.2	
49292.8	
49292.8	
49305.6	
49292.8	
49267.2	
49254.4	
49280	
49267.2	
49248	
49241.6	
49280	
49267.2	
49267.2	
49280	
49241.6	
49235.2	
49235.2	
49216	
49216	
49209.6	
49190.4	
49209.6	
49235.2	
49235.2	
49241.6	
49228.8	
49241.6	
49241.6	
49254.4	
49273.6	
49235.2	
49241.6	
49260.8	
49254.4	
49254.4	
49267.2	
49280	
49286.4	
49267.2	
49260.8	
49254.4	
49267.2	
49260.8	
49260.8	
49299.2	
49286.4	
49280	
49241.6	
49267.2	
49267.2	
49280	
49260.8	
49254.4	
49286.4	
49254.4	
49254.4	
49248	
49254.4	
49260.8	
49254.4	
49267.2	
49241.6	
49209.6	
49222.4	
49190.4	
49209.6	
49196.8	
49177.6	
49184	
49164.8	
49164.8	
49196.8	
49196.8	
49164.8	
49209.6	
49235.2	
49228.8	
49196.8	
49184	
49164.8	
49177.6	
49164.8	
49203.2	
49196.8	
49216	
49164.8	
49171.2	
49164.8	
49203.2	
49164.8	
49139.2	
49056	
49043.2	
49036.8	
49043.2	
49056	
49107.2	
49132.8	
49120	
49088	
49113.6	
49126.4	
49107.2	
49107.2	
49126.4	
49132.8	
49126.4	
49152	
49190.4	
49209.6	
49171.2	
49171.2	
49190.4	
49190.4	
49235.2	
49248	
49267.2	
49267.2	
49286.4	
49260.8	
49222.4	
49235.2	
49254.4	
49267.2	
49260.8	
49248	
49260.8	
49267.2	
49248	
49241.6	
49222.4	
49190.4	
49184	
49203.2	
49203.2	
49196.8	
49209.6	
49196.8	
49184	
49184	
49158.4	
49139.2	
49171.2	
49164.8	
49139.2	
49171.2	
49177.6	
49158.4	
49184	
49139.2	
49158.4	
49145.6	
49120	
49056	
49075.2	
49056	
49068.8	
49049.6	
49068.8	
49081.6	
49081.6	
49100.8	
49075.2	
49132.8	
49126.4	
49164.8	
49120	
49107.2	
49088	
49081.6	
49043.2	
49049.6	
49068.8	
49081.6	
49062.4	
49081.6	
49120	
49126.4	
49107.2	
49113.6	
49120	
49132.8	
49139.2	
49132.8	
49126.4	
49139.2	
49139.2	
49145.6	
49145.6	
49139.2	
49100.8	
49120	
49145.6	
49120	
49152	
49132.8	
49158.4	
49184	
49216	
49216	
49203.2	
49216	
49228.8	
49235.2	
49254.4	
49280	
49280	
49254.4	
49228.8	
49235.2	
49209.6	
49209.6	
49235.2	
49254.4	
49286.4	
49267.2	
49248	
49228.8	
49273.6	
49299.2	
49286.4	
49350.4	
49331.2	
49318.4	
49350.4	
49331.2	
49337.6	
49318.4	
49337.6	
49318.4	
49318.4	
49305.6	
49318.4	
49356.8	
49337.6	
49376	
49369.6	
49382.4	
49350.4	
49312	
49292.8	
49248	
49235.2	
49235.2	
49203.2	
49228.8	
49228.8	
49241.6	
49292.8	
49280	
49273.6	
49254.4	
49228.8	
49228.8	
49260.8	
49273.6	
49254.4	
49267.2	
49241.6	
49228.8	
49235.2	
49273.6	
49299.2	
49292.8	
49305.6	
49299.2	
49260.8	
49254.4	
49235.2	
49241.6	
49222.4	
49216	
49241.6	
49254.4	
49228.8	
49203.2	
49222.4	
49203.2	
49203.2	
49203.2	
49216	
49248	
49254.4	
49248	
49235.2	
49235.2	
49222.4	
49209.6	
49228.8	
49235.2	
49222.4	
49235.2	
49209.6	
49228.8	
49216	
49228.8	
49248	
49254.4	
49248	
49267.2	
49267.2	
49280	
49273.6	
49241.6	
49235.2	
49228.8	
49228.8	
49216	
49222.4	
49241.6	
49267.2	
49254.4	
49235.2	
49228.8	
49228.8	
49222.4	
49222.4	
49241.6	
49216	
49241.6	
49241.6	
49222.4	
49228.8	
49203.2	
49222.4	
49228.8	
49216	
49248	
49235.2	
49222.4	
49222.4	
49222.4	
49222.4	
49222.4	
49248	
49267.2	
49273.6	
49273.6	
49280	
49286.4	
49248	
49235.2	
49228.8	
49203.2	
49203.2	
49177.6	
49152	
49132.8	
49158.4	
49145.6	
49190.4	
49216	
49241.6	
49235.2	
49222.4	
49203.2	
49222.4	
49280	
49273.6	
49260.8	
49254.4	
49222.4	
49209.6	
49235.2	
49241.6	
49196.8	
49196.8	
49203.2	
49209.6	
49184	
49158.4	
49190.4	
49171.2	
49158.4	
49177.6	
49190.4	
49209.6	
49216	
49235.2	
49216	
49190.4	
49203.2	
49216	
49235.2	
49267.2	
49254.4	
49248	
49241.6	
49292.8	
49318.4	
49305.6	
49312	
49286.4	
49254.4	
49248	
49222.4	
49228.8	
49235.2	
49241.6	
49241.6	
49248	
49241.6	
49235.2	
49184	
49209.6	
49190.4	
49177.6	
49203.2	
49203.2	
49222.4	
49241.6	
49228.8	
49241.6	
49254.4	
49248	
49241.6	
49248	
49312	
49312	
49324.8	
49318.4	
49324.8	
49344	
49356.8	
49344	
49344	
49376	
49344	
49356.8	
49363.2	
49363.2	
49363.2	
49363.2	
49376	
49376	
49388.8	
49388.8	
49414.4	
49427.2	
49433.6	
49433.6	
49446.4	
49433.6	
49459.2	
49440	
49401.6	
49363.2	
49324.8	
49331.2	
49318.4	
49286.4	
49267.2	
49228.8	
49222.4	
49235.2	
49260.8	
49299.2	
49280	
49241.6	
49209.6	
49222.4	
49228.8	
49241.6	
49254.4	
49248	
49267.2	
49248	
49241.6	
49235.2	
49248	
49267.2	
49292.8	
49324.8	
49312	
49286.4	
49292.8	
49305.6	
49331.2	
49356.8	
49356.8	
49344	
49344	
49312	
49292.8	
49337.6	
49331.2	
49350.4	
49318.4	
49337.6	
49344	
49324.8	
49337.6	
49350.4	
49350.4	
49369.6	
49376	
49356.8	
49356.8	
49382.4	
49363.2	
49337.6	
49337.6	
49318.4	
49312	
49356.8	
49324.8	
49350.4	
49318.4	
49292.8	
49280	
49286.4	
49318.4	
49280	
49286.4	
49305.6	
49299.2	
49286.4	
49299.2	
49286.4	
49267.2	
49254.4	
49216	
49209.6	
49190.4	
49203.2	
49184	
49184	
49196.8	
49203.2	
49164.8	
49177.6	
49152	
49145.6	
49152	
49145.6	
49139.2	
49139.2	
49113.6	
49139.2	
49158.4	
49171.2	
49184	
49152	
49164.8	
49158.4	
49158.4	
49184	
49190.4	
49209.6	
49241.6	
49228.8	
49235.2	
49171.2	
49158.4	
49158.4	
49177.6	
49184	
49235.2	
49235.2	
49209.6	
49184	
49158.4	
49164.8	
49120	
49164.8	
49152	
49126.4	
49139.2	
49132.8	
49132.8	
49152	
49158.4	
49158.4	
49113.6	
49152	
49152	
49152	
49152	
49171.2	
49171.2	
49145.6	
49120	
49126.4	
49100.8	
49081.6	
49113.6	
49107.2	
49152	
49177.6	
49184	
49190.4	
49171.2	
49132.8	
49145.6	
49184	
49190.4	
49171.2	
49209.6	
49222.4	
49228.8	
49241.6	
49222.4	
49203.2	
49190.4	
49235.2	
49254.4	
49286.4	
49292.8	
49280	
49273.6	
49267.2	
49241.6	
49235.2	
49222.4	
49228.8	
49216	
49203.2	
49209.6	
49190.4	
49190.4	
49196.8	
49184	
49216	
49222.4	
49248	
49260.8	
49235.2	
49184	
49184	
49158.4	
49139.2	
49132.8	
49120	
49113.6	
49113.6	
49132.8	
49158.4	
49164.8	
49184	
49196.8	
49203.2	
49158.4	
49152	
49177.6	
49164.8	
49177.6	
49152	
49164.8	
49158.4	
49100.8	
49094.4	
49152	
49177.6	
49222.4	
49228.8	
49209.6	
49222.4	
49248	
49254.4	
49299.2	
49286.4	
49299.2	
49273.6	
49267.2	
49235.2	
49235.2	
49248	
49260.8	
49260.8	
49273.6	
49241.6	
49286.4	
49286.4	
49280	
49292.8	
49305.6	
49292.8	
49318.4	
49318.4	
49324.8	
49331.2	
49324.8	
49305.6	
49350.4	
49337.6	
49363.2	
49337.6	
49350.4	
49324.8	
49312	
49312	
49286.4	
49292.8	
49260.8	
49292.8	
49305.6	
49292.8	
49286.4	
49299.2	
49324.8	
49344	
49356.8	
49376	
49369.6	
49363.2	
49344	
49350.4	
49292.8	
49312	
49305.6	
49318.4	
49344	
49363.2	
49369.6	
49363.2	
49337.6	
49318.4	
49318.4	
49305.6	
49305.6	
49299.2	
49267.2	
49254.4	
49260.8	
49286.4	
49260.8	
49254.4	
49248	
49248	
49216	
49241.6	
49241.6	
49267.2	
49267.2	
49228.8	
49235.2	
49260.8	
49196.8	
49190.4	
49196.8	
49228.8	
49254.4	
49235.2	
49228.8	
49196.8	
49209.6	
49209.6	
49209.6	
49203.2	
49203.2	
49222.4	
49260.8	
49241.6	
49241.6	
49235.2	
49273.6	
49241.6	
49209.6	
49190.4	
49177.6	
49171.2	
49190.4	
49171.2	
49164.8	
49184	
49184	
49152	
49145.6	
49171.2	
49139.2	
49139.2	
49126.4	
49132.8	
49139.2	
49171.2	
49184	
49171.2	
49145.6	
49132.8	
49152	
49164.8	
49145.6	
49113.6	
49100.8	
49081.6	
49088	
49132.8	
49177.6	
49196.8	
49203.2	
49203.2	
49190.4	
49177.6	
49164.8	
49145.6	
49158.4	
49132.8	
49177.6	
49190.4	
49152	
49158.4	
49184	
49184	
49164.8	
49184	
49196.8	
49216	
49190.4	
49184	
49209.6	
49184	
49222.4	
49222.4	
49190.4	
49171.2	
49203.2	
49216	
49235.2	
49254.4	
49273.6	
49260.8	
49254.4	
49235.2	
49216	
49235.2	
49228.8	
49241.6	
49273.6	
49299.2	
49312	
49318.4	
49292.8	
49292.8	
49318.4	
49337.6	
49331.2	
49363.2	
49344	
49350.4	
49356.8	
49356.8	
49331.2	
49337.6	
49344	
49324.8	
49331.2	
49363.2	
49363.2	
49344	
49299.2	
49299.2	
49324.8	
49318.4	
49344	
49363.2	
49350.4	
49331.2	
49331.2	
49337.6	
49331.2	
49344	
49318.4	
49299.2	
49312	
49305.6	
49286.4	
49273.6	
49248	
49216	
49222.4	
49222.4	
49216	
49222.4	
49190.4	
49203.2	
49203.2	
49209.6	
49222.4	
49216	
49216	
49235.2	
49254.4	
49203.2	
49209.6	
49241.6	
49241.6	
49216	
49190.4	
49158.4	
49184	
49209.6	
49241.6	
49280	
49299.2	
49292.8	
49344	
49324.8	
49331.2	
49363.2	
49337.6	
49350.4	
49363.2	
49388.8	
49369.6	
49318.4	
49292.8	
49305.6	
49324.8	
49305.6	
49299.2	
49292.8	
49267.2	
49280	
49254.4	
49241.6	
49228.8	
49235.2	
49228.8	
49228.8	
49254.4	
49267.2	
49280	
49267.2	
49286.4	
49241.6	
49248	
49241.6	
49216	
49228.8	
49209.6	
49222.4	
49216	
49196.8	
49203.2	
49209.6	
49222.4	
49228.8	
49196.8	
49222.4	
49228.8	
49190.4	
49228.8	
49286.4	
49286.4	
49286.4	
49286.4	
49305.6	
49305.6	
49331.2	
49337.6	
49312	
49344	
49331.2	
49305.6	
49299.2	
49286.4	
49292.8	
49254.4	
49235.2	
49280	
49273.6	
49286.4	
49299.2	
49312	
49324.8	
49312	
49337.6	
49363.2	
49344	
49363.2	
49395.2	
49395.2	
49427.2	
49395.2	
49356.8	
49376	
49356.8	
49350.4	
49305.6	
49286.4	
49280	
49280	
49318.4	
49312	
49331.2	
49318.4	
49318.4	
49344	
49363.2	
49337.6	
49299.2	
49312	
49337.6	
49344	
49337.6	
49344	
49299.2	
49292.8	
49305.6	
49299.2	
49299.2	
49299.2	
49280	
49292.8	
49292.8	
49299.2	
49280	
49273.6	
49286.4	
49273.6	
49324.8	
49273.6	
49299.2	
49312	
49305.6	
49292.8	
49286.4	
49273.6	
49248	
49228.8	
49254.4	
49260.8	
49305.6	
49286.4	
49337.6	
49337.6	
49324.8	
49337.6	
49363.2	
49337.6	
49331.2	
49312	
49286.4	
49280	
49254.4	
49241.6	
49260.8	
49299.2	
49318.4	
49337.6	
49369.6	
49337.6	
49344	
49344	
49350.4	
49376	
49388.8	
49427.2	
49414.4	
49414.4	
49414.4	
49401.6	
49401.6	
49363.2	
49369.6	
49363.2	
49356.8	
49337.6	
49318.4	
49331.2	
49318.4	
49331.2	
49337.6	
49344	
49344	
49337.6	
49337.6	
49356.8	
49395.2	
49376	
49376	
49388.8	
49369.6	
49401.6	
49376	
49363.2	
49414.4	
49420.8	
49440	
49408	
49388.8	
49382.4	
49344	
49350.4	
49318.4	
49273.6	
49312	
49312	
49286.4	
49292.8	
49286.4	
49267.2	
49248	
49241.6	
49241.6	
49248	
49254.4	
49260.8	
49254.4	
49260.8	
49248	
49260.8	
49273.6	
49273.6	
49267.2	
49312	
49305.6	
49292.8	
49350.4	
49350.4	
49395.2	
49388.8	
49376	
49382.4	
49356.8	
49369.6	
49382.4	
49401.6	
49376	
49376	
49369.6	
49369.6	
49363.2	
49324.8	
49331.2	
49312	
49305.6	
49324.8	
49324.8	
49312	
49292.8	
49292.8	
49312	
49299.2	
49280	
49286.4	
49318.4	
49331.2	
49344	
49344	
49363.2	
49337.6	
49344	
49369.6	
49350.4	
49318.4	
49331.2	
49363.2	
49356.8	
49350.4	
49350.4	
49331.2	
49324.8	
49318.4	
49344	
49344	
49324.8	
49331.2	
49337.6	
49337.6	
49363.2	
49331.2	
49286.4	
49292.8	
49324.8	
49331.2	
49299.2	
49286.4	
49280	
49280	
49228.8	
49235.2	
49222.4	
49235.2	
49203.2	
49222.4	
49286.4	
49280	
49286.4	
49273.6	
49260.8	
49254.4	
49260.8	
49286.4	
49280	
49273.6	
49267.2	
49273.6	
49267.2	
49292.8	
49286.4	
49292.8	
49267.2	
49254.4	
49248	
49260.8	
49248	
49228.8	
49196.8	
49203.2	
49158.4	
49203.2	
49241.6	
49228.8	
49241.6	
49267.2	
49305.6	
49292.8	
49267.2	
49260.8	
49273.6	
49286.4	
49280	
49260.8	
49286.4	
49267.2	
49292.8	
49280	
49273.6	
49299.2	
49292.8	
49280	
49254.4	
49286.4	
49286.4	
49337.6	
49337.6	
49363.2	
49350.4	
49382.4	
49382.4	
49376	
49376	
49401.6	
49395.2	
49382.4	
49376	
49414.4	
49414.4	
49408	
49414.4	
49420.8	
49376	
49382.4	
49395.2	
49382.4	
49376	
49369.6	
49363.2	
49356.8	
49363.2	
49369.6	
49363.2	
49376	
49395.2	
49408	
49414.4	
49465.6	
49484.8	
49491.2	
49452.8	
49452.8	
49452.8	
49465.6	
49484.8	
49459.2	
49420.8	
49420.8	
49401.6	
49408	
49414.4	
49414.4	
49433.6	
49420.8	
49440	
49433.6	
49408	
49363.2	
49324.8	
49369.6	
49376	
49363.2	
49388.8	
49395.2	
49395.2	
49408	
49401.6	
49376	
49382.4	
49388.8	
49401.6	
49408	
49376	
49337.6	
49312	
49363.2	
49395.2	
49395.2	
49388.8	
49356.8	
49337.6	
49312	
49292.8	
49299.2	
49337.6	
49337.6	
49369.6	
49369.6	
49401.6	
49414.4	
49395.2	
49408	
49388.8	
49395.2	
49408	
49408	
49420.8	
49408	
49356.8	
49369.6	
49401.6	
49446.4	
49408	
49414.4	
49420.8	
49414.4	
49382.4	
49369.6	
49331.2	
49344	
49331.2	
49337.6	
49331.2	
49312	
49318.4	
49286.4	
49280	
49286.4	
49267.2	
49235.2	
49228.8	
49241.6	
49286.4	
49241.6	
49235.2	
49267.2	
49260.8	
49267.2	
49299.2	
49318.4	
49331.2	
49344	
49337.6	
49331.2	
49382.4	
49369.6	
49318.4	
49331.2	
49337.6	
49318.4	
49337.6	
49324.8	
49344	
49318.4	
49312	
49324.8	
49292.8	
49273.6	
49292.8	
49292.8	
49318.4	
49312	
49312	
49312	
49312	
49344	
49331.2	
49350.4	
49324.8	
49344	
49344	
49382.4	
49382.4	
49408	
49395.2	
49388.8	
49395.2	
49363.2	
49356.8	
49363.2	
49401.6	
49414.4	
49408	
49420.8	
49420.8	
49420.8	
49382.4	
49376	
49350.4	
49363.2	
49350.4	
49356.8	
49350.4	
49356.8	
49369.6	
49376	
49382.4	
49376	
49388.8	
49388.8	
49363.2	
49388.8	
49401.6	
49395.2	
49414.4	
49395.2	
49420.8	
49395.2	
49369.6	
49344	
49331.2	
49331.2	
49344	
49331.2	
49337.6	
49312	
49305.6	
49286.4	
49273.6	
49248	
49228.8	
49190.4	
49196.8	
49164.8	
49177.6	
49196.8	
49203.2	
49222.4	
49228.8	
49254.4	
49228.8	
49254.4	
49260.8	
49280	
49292.8	
49324.8	
49324.8	
49312	
49305.6	
49318.4	
49305.6	
49280	
49286.4	
49312	
49292.8	
49280	
49267.2	
49273.6	
49267.2	
49273.6	
49267.2	
49235.2	
49228.8	
49235.2	
49228.8	
49216	
49228.8	
49254.4	
49241.6	
49254.4	
49260.8	
49235.2	
49216	
49241.6	
49241.6	
49241.6	
49235.2	
49216	
49209.6	
49222.4	
49216	
49203.2	
49235.2	
49222.4	
49222.4	
49260.8	
49280	
49280	
49280	
49280	
49280	
49280	
49260.8	
49254.4	
49260.8	
49228.8	
49209.6	
49209.6	
49222.4	
49203.2	
49184	
49196.8	
49158.4	
49203.2	
49222.4	
49209.6	
49196.8	
49216	
49241.6	
49248	
49267.2	
49222.4	
49228.8	
49235.2	
49241.6	
49241.6	
49203.2	
49171.2	
49209.6	
49216	
49203.2	
49222.4	
49209.6	
49216	
49203.2	
49222.4	
49203.2	
49209.6	
49177.6	
49203.2	
49177.6	
49216	
49216	
49203.2	
49184	
49164.8	
49190.4	
49177.6	
49164.8	
49184	
49203.2	
49177.6	
49222.4	
49222.4	
49228.8	
49203.2	
49184	
49171.2	
49196.8	
49177.6	
49171.2	
49171.2	
49158.4	
49158.4	
49164.8	
49216	
49222.4	
49235.2	
49241.6	
49248	
49228.8	
49177.6	
49196.8	
49190.4	
49196.8	
49203.2	
49216	
49222.4	
49177.6	
49177.6	
49164.8	
49184	
49196.8	
49158.4	
49158.4	
49171.2	
49203.2	
49158.4	
49196.8	
49216	
49184	
49235.2	
49216	
49222.4	
49171.2	
49184	
49171.2	
49171.2	
49196.8	
49222.4	
49196.8	
49235.2	
49209.6	
49216	
49203.2	
49190.4	
49209.6	
49228.8	
49209.6	
49196.8	
49190.4	
49209.6	
49216	
49222.4	
49222.4	
49241.6	
49241.6	
49260.8	
49235.2	
49235.2	
49248	
49235.2	
49235.2	
49235.2	
49286.4	
49273.6	
49228.8	
49222.4	
49228.8	
49209.6	
49196.8	
49190.4	
49222.4	
49235.2	
49260.8	
49267.2	
49273.6	
49280	
49273.6	
49286.4	
49292.8	
49299.2	
49305.6	
49286.4	
49299.2	
49286.4	
49273.6	
49273.6	
49280	
49305.6	
49267.2	
49286.4	
49273.6	
49299.2	
49305.6	
49337.6	
49318.4	
49331.2	
49318.4	
49299.2	
49299.2	
49286.4	
49292.8	
49292.8	
49273.6	
49292.8	
49260.8	
49267.2	
49286.4	
49273.6	
49273.6	
49280	
49260.8	
49292.8	
49318.4	
49350.4	
49350.4	
49350.4	
49331.2	
49376	
49382.4	
49388.8	
49388.8	
49369.6	
49369.6	
49331.2	
49241.6	
49228.8	
49254.4	
49203.2	
49209.6	
49222.4	
49248	
49209.6	
49190.4	
49203.2	
49222.4	
49235.2	
49209.6	
49209.6	
49184	
49241.6	
49254.4	
49235.2	
49216	
49203.2	
49216	
49190.4	
49241.6	
49241.6	
49241.6	
49248	
49299.2	
49312	
49312	
49350.4	
49376	
49388.8	
49388.8	
49395.2	
49408	
49395.2	
49395.2	
49433.6	
49465.6	
49478.4	
49459.2	
49491.2	
49472	
49491.2	
49465.6	
49478.4	
49459.2	
49484.8	
49472	
49446.4	
49478.4	
49452.8	
49459.2	
49452.8	
49459.2	
49452.8	
49420.8	
49427.2	
49401.6	
49401.6	
49363.2	
49363.2	
49382.4	
49376	
49363.2	
49369.6	
49356.8	
49292.8	
49299.2	
49337.6	
49356.8	
49388.8	
49395.2	
49414.4	
49446.4	
49433.6	
49395.2	
49388.8	
49369.6	
49356.8	
49356.8	
49350.4	
49350.4	
49331.2	
49363.2	
49401.6	
49408	
49395.2	
49369.6	
49356.8	
49344	
49331.2	
49292.8	
49299.2	
49305.6	
49344	
49350.4	
49369.6	
49382.4	
49363.2	
49331.2	
49331.2	
49344	
49318.4	
49318.4	
49350.4	
49331.2	
49344	
49337.6	
49350.4	
49331.2	
49318.4	
49337.6	
49324.8	
49331.2	
49344	
49324.8	
49350.4	
49337.6	
49305.6	
49299.2	
49292.8	
49267.2	
49260.8	
49254.4	
49235.2	
49228.8	
49222.4	
49248	
49235.2	
49286.4	
49273.6	
49286.4	
49312	
49305.6	
49273.6	
49248	
49267.2	
49292.8	
49286.4	
49299.2	
49248	
49286.4	
49286.4	
49273.6	
49286.4	
49299.2	
49299.2	
49324.8	
49324.8	
49331.2	
49331.2	
49331.2	
49337.6	
49344	
49337.6	
49337.6	
49324.8	
49312	
49324.8	
49292.8	
49318.4	
49324.8	
49318.4	
49331.2	
49312	
49305.6	
49292.8	
49305.6	
49312	
49324.8	
49382.4	
49363.2	
49382.4	
49369.6	
49388.8	
49376	
49369.6	
49350.4	
49369.6	
49350.4	
49344	
49395.2	
49388.8	
49369.6	
49356.8	
49356.8	
49337.6	
49350.4	
49363.2	
49369.6	
49324.8	
49369.6	
49382.4	
49395.2	
49376	
49382.4	
49395.2	
49376	
49376	
49356.8	
49356.8	
49363.2	
49388.8	
49388.8	
49408	
49420.8	
49420.8	
49350.4	
49337.6	
49344	
49312	
49318.4	
49331.2	
49331.2	
49305.6	
49350.4	
49337.6	
49337.6	
49344	
49324.8	
49286.4	
49280	
49254.4	
49286.4	
49254.4	
49260.8	
49273.6	
49292.8	
49305.6	
49299.2	
49299.2	
49337.6	
49344	
49299.2	
49299.2	
49318.4	
49299.2	
49260.8	
49260.8	
49260.8	
49267.2	
49267.2	
49235.2	
49235.2	
49228.8	
49190.4	
49177.6	
49196.8	
49228.8	
49241.6	
49248	
49267.2	
49267.2	
49254.4	
49260.8	
49267.2	
49248	
49216	
49203.2	
49209.6	
49222.4	
49216	
49203.2	
49209.6	
49209.6	
49190.4	
49190.4	
49222.4	
49235.2	
49241.6	
49222.4	
49177.6	
49184	
49177.6	
49203.2	
49184	
49164.8	
49203.2	
49248	
49228.8	
49254.4	
49273.6	
49299.2	
49312	
49299.2	
49286.4	
49292.8	
49286.4	
49305.6	
49280	
49228.8	
49222.4	
49209.6	
49241.6	
49241.6	
49235.2	
49222.4	
49196.8	
49228.8	
49241.6	
49241.6	
49248	
49260.8	
49267.2	
49260.8	
49286.4	
49292.8	
49305.6	
49292.8	
49299.2	
49305.6	
49305.6	
49318.4	
49337.6	
49324.8	
49318.4	
49331.2	
49356.8	
49363.2	
49363.2	
49344	
49344	
49337.6	
49331.2	
49344	
49324.8	
49331.2	
49350.4	
49363.2	
49344	
49388.8	
49408	
49414.4	
49388.8	
49363.2	
49337.6	
49350.4	
49350.4	
49388.8	
49446.4	
49395.2	
49382.4	
49376	
49408	
49376	
49420.8	
49401.6	
49395.2	
49420.8	
49420.8	
49401.6	
49414.4	
49414.4	
49382.4	
49382.4	
49420.8	
49427.2	
49472	
49452.8	
49440	
49465.6	
49459.2	
49452.8	
49433.6	
49414.4	
49408	
49401.6	
49376	
49376	
49382.4	
49369.6	
49376	
49401.6	
49395.2	
49376	
49350.4	
49356.8	
49388.8	
49388.8	
49388.8	
49395.2	
49369.6	
49363.2	
49376	
49350.4	
49337.6	
49324.8	
49350.4	
49331.2	
49318.4	
49324.8	
49356.8	
49382.4	
49427.2	
49433.6	
49401.6	
49401.6	
49401.6	
49388.8	
49369.6	
49401.6	
49414.4	
49452.8	
49427.2	
49420.8	
49427.2	
49446.4	
49414.4	
49452.8	
49427.2	
49420.8	
49440	
49414.4	
49433.6	
49427.2	
49408	
49388.8	
49388.8	
49369.6	
49388.8	
49401.6	
49395.2	
49395.2	
49427.2	
49433.6	
49414.4	
49401.6	
49427.2	
49427.2	
49408	
49395.2	
49382.4	
49414.4	
49427.2	
49363.2	
49376	
49356.8	
49356.8	
49363.2	
49401.6	
49388.8	
49401.6	
49395.2	
49388.8	
49408	
49452.8	
49433.6	
49420.8	
49465.6	
49420.8	
49401.6	
49420.8	
49433.6	
49484.8	
49484.8	
49452.8	
49446.4	
49440	
49414.4	
49401.6	
49408	
49408	
49433.6	
49382.4	
49369.6	
49408	
49401.6	
49414.4	
49433.6	
49427.2	
49408	
49440	
49420.8	
49433.6	
49427.2	
49408	
49376	
49395.2	
49395.2	
49388.8	
49382.4	
49376	
49408	
49401.6	
49395.2	
49395.2	
49420.8	
49427.2	
49408	
49452.8	
49446.4	
49446.4	
49452.8	
49433.6	
49408	
49363.2	
49369.6	
49356.8	
49376	
49344	
49356.8	
49350.4	
49356.8	
49337.6	
49331.2	
49363.2	
49350.4	
49401.6	
49408	
49395.2	
49408	
49382.4	
49408	
49376	
49376	
49356.8	
49356.8	
49324.8	
49344	
49312	
49299.2	
49273.6	
49209.6	
49216	
49254.4	
49267.2	
49260.8	
49267.2	
49248	
49228.8	
49248	
49209.6	
49196.8	
49209.6	
49228.8	
49248	
49228.8	
49260.8	
49260.8	
49280	
49337.6	
49324.8	
49312	
49305.6	
49286.4	
49267.2	
49286.4	
49248	
49228.8	
49241.6	
49254.4	
49228.8	
49228.8	
49241.6	
49248	
49280	
49260.8	
49267.2	
49292.8	
49305.6	
49273.6	
49318.4	
49331.2	
49312	
49318.4	
49356.8	
49350.4	
49369.6	
49376	
49382.4	
49331.2	
49331.2	
49331.2	
49318.4	
49324.8	
49318.4	
49312	
49312	
49324.8	
49324.8	
49273.6	
49292.8	
49273.6	
49286.4	
49273.6	
49273.6	
49228.8	
49209.6	
49196.8	
49196.8	
49216	
49254.4	
49267.2	
49305.6	
49305.6	
49318.4	
49324.8	
49363.2	
49344	
49350.4	
49356.8	
49350.4	
49356.8	
49369.6	
49369.6	
49363.2	
49363.2	
49376	
49369.6	
49369.6	
49388.8	
49395.2	
49376	
49401.6	
49414.4	
49401.6	
49382.4	
49369.6	
49337.6	
49331.2	
49299.2	
49305.6	
49318.4	
49299.2	
49248	
49267.2	
49241.6	
49248	
49273.6	
49260.8	
49248	
49254.4	
49228.8	
49235.2	
49228.8	
49209.6	
49228.8	
49228.8	
49235.2	
49190.4	
49190.4	
49209.6	
49184	
49190.4	
49177.6	
49158.4	
49164.8	
49164.8	
49152	
49164.8	
49132.8	
49158.4	
49120	
49126.4	
49107.2	
49158.4	
49158.4	
49158.4	
49177.6	
49177.6	
49190.4	
49203.2	
49164.8	
49171.2	
49145.6	
49158.4	
49184	
49203.2	
49228.8	
49235.2	
49216	
49241.6	
49248	
49273.6	
49292.8	
49254.4	
49222.4	
49241.6	
49286.4	
49286.4	
49324.8	
49356.8	
49356.8	
49337.6	
49312	
49337.6	
49331.2	
49324.8	
49312	
49292.8	
49299.2	
49305.6	
49318.4	
49292.8	
49292.8	
49254.4	
49286.4	
49305.6	
49331.2	
49318.4	
49324.8	
49350.4	
49350.4	
49369.6	
49350.4	
49337.6	
49318.4	
49324.8	
49280	
49267.2	
49235.2	
49235.2	
49222.4	
49216	
49235.2	
49241.6	
49260.8	
49248	
49241.6	
49241.6	
49241.6	
49318.4	
49337.6	
49344	
49324.8	
49318.4	
49376	
49382.4	
49376	
49401.6	
49408	
49414.4	
49382.4	
49350.4	
49331.2	
49324.8	
49350.4	
49337.6	
49312	
49344	
49331.2	
49312	
49280	
49280	
49273.6	
49273.6	
49280	
49292.8	
49286.4	
49260.8	
49248	
49267.2	
49299.2	
49299.2	
49286.4	
49280	
49286.4	
49305.6	
49292.8	
49305.6	
49292.8	
49312	
49331.2	
49305.6	
49312	
49299.2	
49299.2	
49299.2	
49331.2	
49331.2	
49337.6	
49318.4	
49280	
49286.4	
49273.6	
49235.2	
49235.2	
49241.6	
49216	
49222.4	
49248	
49260.8	
49222.4	
49254.4	
49241.6	
49267.2	
49286.4	
49267.2	
49248	
49235.2	
49209.6	
49196.8	
49228.8	
49216	
49241.6	
49248	
49241.6	
49254.4	
49228.8	
49280	
49241.6	
49254.4	
49228.8	
49248	
49267.2	
49292.8	
49267.2	
49312	
49305.6	
49324.8	
49324.8	
49344	
49305.6	
49312	
49324.8	
49324.8	
49312	
49305.6	
49292.8	
49254.4	
49260.8	
49292.8	
49337.6	
49344	
49376	
49376	
49350.4	
49382.4	
49395.2	
49382.4	
49356.8	
49363.2	
49376	
49337.6	
49344	
49337.6	
49356.8	
49369.6	
49369.6	
49344	
49350.4	
49382.4	
49401.6	
49408	
49388.8	
49382.4	
49388.8	
49401.6	
49440	
49472	
49440	
49440	
49427.2	
49446.4	
49427.2	
49420.8	
49401.6	
49433.6	
49420.8	
49408	
49420.8	
49440	
49440	
49497.6	
49504	
49516.8	
49504	
49497.6	
49478.4	
49504	
49491.2	
49459.2	
49446.4	
49433.6	
49440	
49440	
49497.6	
49472	
49433.6	
49433.6	
49395.2	
49382.4	
49356.8	
49344	
49376	
49337.6	
49337.6	
49337.6	
49331.2	
49344	
49344	
49318.4	
49324.8	
49292.8	
49248	
49248	
49292.8	
49299.2	
49318.4	
49363.2	
49369.6	
49356.8	
49331.2	
49331.2	
49363.2	
49363.2	
49369.6	
49356.8	
49324.8	
49331.2	
49324.8	
49312	
49305.6	
49292.8	
49286.4	
49292.8	
49312	
49312	
49318.4	
49318.4	
49363.2	
49408	
49376	
49356.8	
49363.2	
49369.6	
49388.8	
49388.8	
49408	
49388.8	
49395.2	
49376	
49395.2	
49388.8	
49395.2	
49395.2	
49420.8	
49420.8	
49395.2	
49401.6	
49408	
49401.6	
49388.8	
49388.8	
49414.4	
49414.4	
49440	
49433.6	
49433.6	
49414.4	
49446.4	
49446.4	
49433.6	
49446.4	
49420.8	
49388.8	
49363.2	
49382.4	
49382.4	
49420.8	
49376	
49363.2	
49382.4	
49363.2	
49363.2	
49395.2	
49414.4	
49414.4	
49414.4	
49401.6	
49395.2	
49376	
49363.2	
49350.4	
49363.2	
49382.4	
49363.2	
49369.6	
49369.6	
49382.4	
49369.6	
49382.4	
49382.4	
49382.4	
49420.8	
49427.2	
49420.8	
49440	
49459.2	
49440	
49427.2	
49452.8	
49427.2	
49427.2	
49401.6	
49414.4	
49350.4	
49344	
49331.2	
49337.6	
49305.6	
49324.8	
49318.4	
49292.8	
49305.6	
49299.2	
49337.6	
49350.4	
49356.8	
49369.6	
49369.6	
49369.6	
49395.2	
49420.8	
49401.6	
49427.2	
49395.2	
49408	
49420.8	
49427.2	
49433.6	
49433.6	
49472	
49465.6	
49484.8	
49484.8	
49465.6	
49459.2	
49446.4	
49465.6	
49465.6	
49452.8	
49472	
49452.8	
49478.4	
49472	
49484.8	
49484.8	
49459.2	
49452.8	
49459.2	
49465.6	
49472	
49504	
49484.8	
49497.6	
49484.8	
49478.4	
49427.2	
49414.4	
49427.2	
49408	
49427.2	
49440	
49459.2	
49459.2	
49427.2	
49414.4	
49395.2	
49356.8	
49369.6	
49318.4	
49331.2	
49363.2	
49369.6	
49395.2	
49382.4	
49388.8	
49376	
49350.4	
49356.8	
49356.8	
49350.4	
49369.6	
49337.6	
49344	
49344	
49350.4	
49356.8	
49337.6	
49318.4	
49318.4	
49318.4	
49299.2	
49312	
49318.4	
49318.4	
49305.6	
49376	
49388.8	
49363.2	
49350.4	
49382.4	
49388.8	
49350.4	
49356.8	
49337.6	
49344	
49363.2	
49376	
49388.8	
49369.6	
49376	
49376	
49395.2	
49382.4	
49382.4	
49369.6	
49388.8	
49408	
49414.4	
49427.2	
49427.2	
49433.6	
49401.6	
49427.2	
49433.6	
49459.2	
49452.8	
49420.8	
49420.8	
49414.4	
49401.6	
49388.8	
49420.8	
49433.6	
49376	
49337.6	
49337.6	
49363.2	
49331.2	
49350.4	
49376	
49414.4	
49408	
49459.2	
49491.2	
49523.2	
49536	
49529.6	
49542.4	
49523.2	
49497.6	
49504	
49484.8	
49484.8	
49472	
49484.8	
49491.2	
49484.8	
49478.4	
49459.2	
49414.4	
49408	
49414.4	
49459.2	
49440	
49401.6	
49395.2	
49388.8	
49369.6	
49350.4	
49344	
49363.2	
49369.6	
49382.4	
49376	
49408	
49363.2	
49369.6	
49363.2	
49356.8	
49376	
49414.4	
49433.6	
49408	
49401.6	
49376	
49369.6	
49388.8	
49344	
49337.6	
49324.8	
49312	
49324.8	
49324.8	
49299.2	
49286.4	
49299.2	
49331.2	
49299.2	
49337.6	
49344	
49350.4	
49324.8	
49331.2	
49369.6	
49408	
49420.8	
49459.2	
49484.8	
49472	
49459.2	
49459.2	
49433.6	
49446.4	
49420.8	
49452.8	
49472	
49472	
49484.8	
49491.2	
49459.2	
49459.2	
49433.6	
49433.6	
49401.6	
49376	
49376	
49350.4	
49350.4	
49344	
49369.6	
49369.6	
49376	
49363.2	
49382.4	
49382.4	
49376	
49324.8	
49324.8	
49331.2	
49356.8	
49388.8	
49382.4	
49408	
49401.6	
49433.6	
49446.4	
49472	
49472	
49452.8	
49472	
49465.6	
49433.6	
49440	
49465.6	
49504	
49472	
49440	
49446.4	
49433.6	
49433.6	
49420.8	
49446.4	
49459.2	
49420.8	
49420.8	
49459.2	
49491.2	
49465.6	
49459.2	
49459.2	
49484.8	
49472	
49472	
49452.8	
49452.8	
49395.2	
49331.2	
49344	
49350.4	
49356.8	
49350.4	
49363.2	
49350.4	
49299.2	
49299.2	
49292.8	
49337.6	
49337.6	
49331.2	
49331.2	
49305.6	
49280	
49280	
49324.8	
49312	
49356.8	
49356.8	
49350.4	
49363.2	
49312	
49299.2	
49305.6	
49344	
49376	
49414.4	
49420.8	
49433.6	
49414.4	
49433.6	
49433.6	
49491.2	
49484.8	
49478.4	
49516.8	
49478.4	
49478.4	
49472	
49472	
49478.4	
49472	
49472	
49452.8	
49446.4	
49459.2	
49472	
49478.4	
49478.4	
49452.8	
49433.6	
49440	
49452.8	
49472	
49497.6	
49504	
49523.2	
49548.8	
49568	
49561.6	
49548.8	
49542.4	
49523.2	
49536	
49516.8	
49497.6	
49478.4	
49536	
49542.4	
49542.4	
49529.6	
49542.4	
49555.2	
49568	
49568	
49536	
49536	
49516.8	
49510.4	
49504	
49497.6	
49472	
49452.8	
49452.8	
49452.8	
49459.2	
49452.8	
49452.8	
49478.4	
49433.6	
49420.8	
49433.6	
49382.4	
49401.6	
49363.2	
49363.2	
49376	
49369.6	
49350.4	
49318.4	
49331.2	
49324.8	
49324.8	
49369.6	
49350.4	
49337.6	
49305.6	
49305.6	
49305.6	
49312	
49324.8	
49369.6	
49350.4	
49376	
49369.6	
49337.6	
49305.6	
49286.4	
49299.2	
49292.8	
49337.6	
49356.8	
49363.2	
49382.4	
49395.2	
49356.8	
49420.8	
49427.2	
49395.2	
49401.6	
49369.6	
49356.8	
49331.2	
49331.2	
49337.6	
49363.2	
49401.6	
49433.6	
49427.2	
49440	
49420.8	
49420.8	
49388.8	
49395.2	
49408	
49388.8	
49395.2	
49401.6	
49356.8	
49312	
49292.8	
49260.8	
49260.8	
49248	
49260.8	
49235.2	
49222.4	
49235.2	
49254.4	
49241.6	
49196.8	
49158.4	
49158.4	
49139.2	
49145.6	
49139.2	
49216	
49222.4	
49222.4	
49248	
49241.6	
49216	
49228.8	
49235.2	
49267.2	
49292.8	
49324.8	
49350.4	
49376	
49369.6	
49388.8	
49356.8	
49382.4	
49369.6	
49369.6	
49382.4	
49401.6	
49433.6	
49446.4	
49446.4	
49414.4	
49420.8	
49427.2	
49395.2	
49408	
49414.4	
49382.4	
49369.6	
49395.2	
49395.2	
49420.8	
49382.4	
49376	
49350.4	
49356.8	
49344	
49369.6	
49376	
49401.6	
49388.8	
49382.4	
49363.2	
49350.4	
49369.6	
49376	
49363.2	
49363.2	
49369.6	
49376	
49356.8	
49337.6	
49395.2	
49369.6	
49382.4	
49388.8	
49395.2	
49369.6	
49363.2	
49376	
49363.2	
49344	
49331.2	
49344	
49363.2	
49318.4	
49331.2	
49356.8	
49376	
49369.6	
49376	
49408	
49433.6	
49395.2	
49382.4	
49369.6	
49337.6	
49305.6	
49350.4	
49344	
49363.2	
49382.4	
49401.6	
49356.8	
49382.4	
49395.2	
49376	
49382.4	
49395.2	
49369.6	
49337.6	
49395.2	
49376	
49388.8	
49395.2	
49388.8	
49401.6	
49401.6	
49401.6	
49388.8	
49382.4	
49388.8	
49369.6	
49382.4	
49395.2	
49401.6	
49395.2	
49388.8	
49350.4	
49363.2	
49376	
49356.8	
49356.8	
49356.8	
49363.2	
49369.6	
49376	
49401.6	
49395.2	
49395.2	
49408	
49408	
49433.6	
49408	
49388.8	
49382.4	
49363.2	
49369.6	
49388.8	
49376	
49363.2	
49369.6	
49363.2	
49350.4	
49350.4	
49363.2	
49337.6	
49318.4	
49324.8	
49305.6	
49280	
49305.6	
49318.4	
49280	
49324.8	
49324.8	
49337.6	
49337.6	
49363.2	
49363.2	
49376	
49376	
49395.2	
49350.4	
49356.8	
49356.8	
49376	
49369.6	
49356.8	
49363.2	
49382.4	
49395.2	
49388.8	
49382.4	
49376	
49363.2	
49388.8	
49388.8	
49395.2	
49388.8	
49382.4	
49388.8	
49382.4	
49376	
49369.6	
49376	
49363.2	
49363.2	
49337.6	
49337.6	
49324.8	
49356.8	
49331.2	
49286.4	
49299.2	
49292.8	
49267.2	
49286.4	
49318.4	
49292.8	
49299.2	
49318.4	
49312	
49312	
49312	
49280	
49260.8	
49254.4	
49267.2	
49248	
49209.6	
49209.6	
49184	
49184	
49209.6	
49235.2	
49203.2	
49177.6	
49171.2	
49216	
49228.8	
49235.2	
49241.6	
49235.2	
49241.6	
49235.2	
49260.8	
49292.8	
49280	
49273.6	
49280	
49254.4	
49267.2	
49305.6	
49267.2	
49267.2	
49292.8	
49273.6	
49260.8	
49273.6	
49260.8	
49292.8	
49273.6	
49286.4	
49305.6	
49299.2	
49324.8	
49273.6	
49299.2	
49312	
49337.6	
49350.4	
49356.8	
49363.2	
49337.6	
49318.4	
49337.6	
49331.2	
49331.2	
49344	
49318.4	
49324.8	
49318.4	
49344	
49344	
49337.6	
49318.4	
49324.8	
49324.8	
49337.6	
49382.4	
49369.6	
49376	
49382.4	
49388.8	
49369.6	
49376	
49363.2	
49369.6	
49382.4	
49356.8	
49337.6	
49363.2	
49408	
49401.6	
49414.4	
49452.8	
49452.8	
49459.2	
49446.4	
49440	
49446.4	
49452.8	
49446.4	
49427.2	
49408	
49427.2	
49420.8	
49414.4	
49401.6	
49408	
49433.6	
49427.2	
49433.6	
49452.8	
49478.4	
49491.2	
49510.4	
49510.4	
49491.2	
49465.6	
49465.6	
49484.8	
49491.2	
49497.6	
49465.6	
49433.6	
49433.6	
49446.4	
49408	
49395.2	
49388.8	
49376	
49337.6	
49312	
49292.8	
49292.8	
49305.6	
49331.2	
49350.4	
49344	
49356.8	
49324.8	
49318.4	
49292.8	
49292.8	
49305.6	
49312	
49337.6	
49337.6	
49292.8	
49299.2	
49331.2	
49331.2	
49318.4	
49344	
49356.8	
49344	
49344	
49331.2	
49331.2	
49369.6	
49395.2	
49414.4	
49376	
49369.6	
49337.6	
49312	
49312	
49318.4	
49305.6	
49286.4	
49286.4	
49292.8	
49312	
49318.4	
49299.2	
49299.2	
49312	
49312	
49280	
49280	
49260.8	
49299.2	
49286.4	
49273.6	
49286.4	
49299.2	
49273.6	
49273.6	
49292.8	
49273.6	
49235.2	
49254.4	
49241.6	
49228.8	
49254.4	
49254.4	
49248	
49241.6	
49222.4	
49235.2	
49209.6	
49222.4	
49267.2	
49260.8	
49241.6	
49216	
49235.2	
49241.6	
49196.8	
49196.8	
49196.8	
49209.6	
49228.8	
49228.8	
49222.4	
49203.2	
49216	
49222.4	
49241.6	
49235.2	
49241.6	
49241.6	
49222.4	
49248	
49235.2	
49228.8	
49241.6	
49254.4	
49228.8	
49286.4	
49299.2	
49318.4	
49331.2	
49312	
49312	
49305.6	
49318.4	
49324.8	
49350.4	
49344	
49344	
49292.8	
49267.2	
49241.6	
49222.4	
49216	
49235.2	
49235.2	
49222.4	
49241.6	
49267.2	
49254.4	
49196.8	
49190.4	
49216	
49235.2	
49248	
49228.8	
49235.2	
49203.2	
49216	
49190.4	
49190.4	
49203.2	
49228.8	
49203.2	
49177.6	
49203.2	
49222.4	
49228.8	
49190.4	
49203.2	
49177.6	
49190.4	
49184	
49203.2	
49228.8	
49248	
49248	
49241.6	
49235.2	
49228.8	
49254.4	
49216	
49241.6	
49228.8	
49248	
49254.4	
49228.8	
49216	
49241.6	
49267.2	
49273.6	
49312	
49292.8	
49286.4	
49280	
49305.6	
49337.6	
49337.6	
49324.8	
49331.2	
49324.8	
49286.4	
49305.6	
49324.8	
49344	
49344	
49337.6	
49305.6	
49318.4	
49312	
49318.4	
49337.6	
49318.4	
49305.6	
49312	
49267.2	
49286.4	
49318.4	
49318.4	
49299.2	
49241.6	
49235.2	
49235.2	
49228.8	
49260.8	
49305.6	
49331.2	
49324.8	
49331.2	
49331.2	
49312	
49280	
49324.8	
49344	
49331.2	
49324.8	
49286.4	
49273.6	
49280	
49299.2	
49324.8	
49292.8	
49318.4	
49337.6	
49337.6	
49337.6	
49344	
49363.2	
49369.6	
49363.2	
49350.4	
49337.6	
49356.8	
49356.8	
49331.2	
49344	
49395.2	
49376	
49395.2	
49408	
49388.8	
49382.4	
49363.2	
49369.6	
49388.8	
49395.2	
49395.2	
49433.6	
49427.2	
49440	
49440	
49420.8	
49408	
49408	
49408	
49408	
49395.2	
49388.8	
49395.2	
49414.4	
49427.2	
49472	
49478.4	
49472	
49433.6	
49414.4	
49420.8	
49401.6	
49446.4	
49433.6	
49440	
49472	
49465.6	
49459.2	
49478.4	
49465.6	
49504	
49478.4	
49478.4	
49465.6	
49465.6	
49459.2	
49452.8	
49440	
49414.4	
49459.2	
49452.8	
49452.8	
49465.6	
49440	
49440	
49433.6	
49440	
49440	
49465.6	
49465.6	
49440	
49414.4	
49440	
49433.6	
49369.6	
49356.8	
49356.8	
49356.8	
49382.4	
49382.4	
49331.2	
49350.4	
49356.8	
49408	
49350.4	
49318.4	
49331.2	
49312	
49318.4	
49350.4	
49350.4	
49376	
49363.2	
49388.8	
49363.2	
49395.2	
49401.6	
49363.2	
49382.4	
49363.2	
49344	
49344	
49369.6	
49363.2	
49363.2	
49350.4	
49369.6	
49344	
49344	
49318.4	
49331.2	
49312	
49305.6	
49299.2	
49312	
49305.6	
49331.2	
49324.8	
49344	
49344	
49344	
49337.6	
49363.2	
49376	
49388.8	
49388.8	
49420.8	
49433.6	
49440	
49401.6	
49408	
49433.6	
49420.8	
49408	
49376	
49337.6	
49356.8	
49350.4	
49363.2	
49388.8	
49369.6	
49376	
49401.6	
49401.6	
49420.8	
49433.6	
49401.6	
49395.2	
49420.8	
49420.8	
49408	
49420.8	
49446.4	
49452.8	
49420.8	
49427.2	
49427.2	
49459.2	
49440	
49420.8	
49344	
49337.6	
49331.2	
49318.4	
49331.2	
49318.4	
49324.8	
49337.6	
49369.6	
49369.6	
49376	
49369.6	
49356.8	
49395.2	
49376	
49356.8	
49363.2	
49369.6	
49401.6	
49408	
49401.6	
49408	
49433.6	
49440	
49446.4	
49446.4	
49452.8	
49465.6	
49452.8	
49446.4	
49440	
49440	
49440	
49440	
49433.6	
49440	
49446.4	
49452.8	
49459.2	
49414.4	
49427.2	
49420.8	
49401.6	
49395.2	
49395.2	
49395.2	
49408	
49382.4	
49388.8	
49388.8	
49395.2	
49395.2	
49433.6	
49388.8	
49395.2	
49433.6	
49382.4	
49331.2	
49337.6	
49331.2	
49305.6	
49324.8	
49312	
49305.6	
49350.4	
49344	
49299.2	
49292.8	
49267.2	
49292.8	
49286.4	
49267.2	
49273.6	
49280	
49260.8	
49248	
49286.4	
49292.8	
49280	
49305.6	
49312	
49318.4	
49318.4	
49312	
49331.2	
49305.6	
49305.6	
49318.4	
49324.8	
49318.4	
49299.2	
49286.4	
49299.2	
49337.6	
49344	
49344	
49324.8	
49356.8	
49344	
49408	
49440	
49414.4	
49395.2	
49369.6	
49363.2	
49376	
49395.2	
49369.6	
49369.6	
49344	
49369.6	
49369.6	
49369.6	
49395.2	
49433.6	
49433.6	
49452.8	
49497.6	
49504	
49497.6	
49516.8	
49497.6	
49523.2	
49516.8	
49516.8	
49516.8	
49504	
49523.2	
49504	
49472	
49446.4	
49433.6	
49382.4	
49382.4	
49356.8	
49280	
49241.6	
49228.8	
49203.2	
49280	
49299.2	
49312	
49318.4	
49305.6	
49273.6	
49280	
49292.8	
49363.2	
49382.4	
49376	
49382.4	
49369.6	
49395.2	
49388.8	
49433.6	
49452.8	
49440	
49446.4	
49414.4	
49440	
49401.6	
49401.6	
49395.2	
49420.8	
49459.2	
49446.4	
49440	
49459.2	
49459.2	
49459.2	
49510.4	
49542.4	
49548.8	
49523.2	
49510.4	
49497.6	
49504	
49516.8	
49510.4	
49484.8	
49491.2	
49523.2	
49497.6	
49504	
49478.4	
49452.8	
49446.4	
49459.2	
49452.8	
49459.2	
49452.8	
49440	
49446.4	
49478.4	
49491.2	
49465.6	
49465.6	
49472	
49484.8	
49510.4	
49523.2	
49446.4	
49446.4	
49446.4	
49414.4	
49414.4	
49408	
49465.6	
49472	
49478.4	
49478.4	
49446.4	
49440	
49465.6	
49484.8	
49491.2	
49497.6	
49491.2	
49497.6	
49536	
49523.2	
49491.2	
49491.2	
49484.8	
49491.2	
49491.2	
49497.6	
49452.8	
49440	
49414.4	
49395.2	
49388.8	
49408	
49427.2	
49414.4	
49427.2	
49401.6	
49420.8	
49420.8	
49414.4	
49401.6	
49395.2	
49388.8	
49363.2	
49337.6	
49350.4	
49337.6	
49356.8	
49388.8	
49395.2	
49376	
49388.8	
49363.2	
49369.6	
49356.8	
49363.2	
49376	
49388.8	
49382.4	
49356.8	
49376	
49408	
49452.8	
49452.8	
49491.2	
49497.6	
49472	
49478.4	
49478.4	
49472	
49497.6	
49523.2	
49516.8	
49529.6	
49536	
49555.2	
49536	
49542.4	
49510.4	
49504	
49504	
49516.8	
49497.6	
49484.8	
49472	
49472	
49478.4	
49452.8	
49401.6	
49408	
49401.6	
49440	
49440	
49465.6	
49459.2	
49427.2	
49446.4	
49433.6	
49427.2	
49420.8	
49440	
49427.2	
49440	
49427.2	
49427.2	
49427.2	
49414.4	
49388.8	
49408	
49369.6	
49401.6	
49388.8	
49408	
49408	
49356.8	
49356.8	
49331.2	
49376	
49337.6	
49356.8	
49363.2	
49388.8	
49388.8	
49363.2	
49350.4	
49344	
49337.6	
49331.2	
49305.6	
49286.4	
49286.4	
49280	
49280	
49273.6	
49267.2	
49280	
49280	
49292.8	
49324.8	
49318.4	
49344	
49337.6	
49318.4	
49312	
49312	
49350.4	
49299.2	
49280	
49305.6	
49312	
49273.6	
49280	
49292.8	
49299.2	
49318.4	
49344	
49356.8	
49350.4	
49376	
49356.8	
49356.8	
49376	
49369.6	
49363.2	
49369.6	
49363.2	
49388.8	
49388.8	
49408	
49395.2	
49395.2	
49395.2	
49388.8	
49414.4	
49452.8	
49401.6	
49408	
49356.8	
49337.6	
49337.6	
49299.2	
49292.8	
49312	
49318.4	
49337.6	
49363.2	
49356.8	
49344	
49318.4	
49363.2	
49337.6	
49331.2	
49318.4	
49286.4	
49292.8	
49280	
49305.6	
49312	
49273.6	
49363.2	
49382.4	
49376	
49369.6	
49376	
49356.8	
49363.2	
49350.4	
49376	
49388.8	
49420.8	
49420.8	
49427.2	
49395.2	
49395.2	
49369.6	
49395.2	
49408	
49401.6	
49414.4	
49363.2	
49395.2	
49376	
49369.6	
49376	
49395.2	
49408	
49376	
49369.6	
49369.6	
49382.4	
49388.8	
49395.2	
49363.2	
49363.2	
49408	
49388.8	
49395.2	
49414.4	
49401.6	
49420.8	
49401.6	
49433.6	
49459.2	
49459.2	
49472	
49478.4	
49472	
49472	
49433.6	
49427.2	
49414.4	
49388.8	
49414.4	
49388.8	
49382.4	
49408	
49408	
49414.4	
49440	
49446.4	
49446.4	
49440	
49427.2	
49395.2	
49414.4	
49401.6	
49408	
49420.8	
49427.2	
49420.8	
49446.4	
49427.2	
49459.2	
49465.6	
49478.4	
49478.4	
49523.2	
49478.4	
49484.8	
49446.4	
49440	
49420.8	
49440	
49420.8	
49433.6	
49440	
49465.6	
49497.6	
49516.8	
49497.6	
49504	
49497.6	
49484.8	
49484.8	
49472	
49427.2	
49427.2	
49433.6	
49446.4	
49440	
49446.4	
49427.2	
49433.6	
49452.8	
49433.6	
49420.8	
49388.8	
49401.6	
49408	
49356.8	
49363.2	
49388.8	
49350.4	
49344	
49350.4	
49324.8	
49305.6	
49292.8	
49299.2	
49318.4	
49331.2	
49344	
49363.2	
49356.8	
49363.2	
49344	
49376	
49376	
49408	
49388.8	
49420.8	
49433.6	
49414.4	
49388.8	
49382.4	
49382.4	
49363.2	
49369.6	
49382.4	
49376	
49331.2	
49369.6	
49382.4	
49388.8	
49376	
49356.8	
49382.4	
49395.2	
49395.2	
49452.8	
49465.6	
49478.4	
49465.6	
49414.4	
49414.4	
49420.8	
49440	
49459.2	
49446.4	
49433.6	
49427.2	
49433.6	
49459.2	
49420.8	
49414.4	
49395.2	
49388.8	
49408	
49388.8	
49356.8	
49350.4	
49286.4	
49273.6	
49235.2	
49190.4	
49190.4	
49196.8	
49203.2	
49203.2	
49190.4	
49164.8	
49209.6	
49280	
49305.6	
49312	
49305.6	
49280	
49305.6	
49286.4	
49312	
49324.8	
49324.8	
49312	
49331.2	
49350.4	
49363.2	
49350.4	
49312	
49312	
49305.6	
49292.8	
49286.4	
49235.2	
49228.8	
49228.8	
49235.2	
49273.6	
49280	
49260.8	
49280	
49299.2	
49299.2	
49318.4	
49267.2	
49286.4	
49260.8	
49286.4	
49305.6	
49312	
49312	
49312	
49292.8	
49286.4	
49324.8	
49331.2	
49344	
49331.2	
49324.8	
49337.6	
49344	
49305.6	
49299.2	
49267.2	
49286.4	
49292.8	
49292.8	
49273.6	
49280	
49235.2	
49228.8	
49235.2	
49248	
49222.4	
49216	
49254.4	
49222.4	
49241.6	
49235.2	
49267.2	
49267.2	
49299.2	
