4601.6	
17132.8	
22272	
24793.6	
26816	
28204.8	
29241.6	
29952	
30662.4	
31398.4	
31942.4	
32505.6	
32921.6	
33580.8	
34009.6	
34368	
34739.2	
34937.6	
35206.4	
35494.4	
35769.6	
35814.4	
36064	
36275.2	
36377.6	
36582.4	
36742.4	
36992	
37017.6	
37088	
37171.2	
37395.2	
37472	
37574.4	
37644.8	
37753.6	
37779.2	
37881.6	
37990.4	
38067.2	
38112	
38201.6	
38246.4	
38355.2	
38476.8	
38534.4	
38617.6	
38732.8	
38892.8	
38918.4	
39040	
39027.2	
39091.2	
39225.6	
39264	
39353.6	
39430.4	
39500.8	
39590.4	
39616	
39628.8	
39776	
39801.6	
39840	
39897.6	
39948.8	
40032	
40096	
40204.8	
40211.2	
40268.8	
40268.8	
40198.4	
40185.6	
40268.8	
40384	
40416	
40454.4	
40473.6	
40505.6	
40620.8	
40620.8	
40684.8	
40736	
40806.4	
40838.4	
40870.4	
40889.6	
41017.6	
41030.4	
41017.6	
41056	
41107.2	
41126.4	
41177.6	
41177.6	
41184	
41164.8	
41184	
41222.4	
41273.6	
41324.8	
41369.6	
41420.8	
41452.8	
41459.2	
41420.8	
41452.8	
41484.8	
41408	
41401.6	
41504	
41536	
41606.4	
41644.8	
41600	
41612.8	
41683.2	
41760	
41772.8	
41676.8	
41766.4	
41792	
41779.2	
41868.8	
41843.2	
41856	
41862.4	
41945.6	
41996.8	
42009.6	
41971.2	
41932.8	
41939.2	
41913.6	
41990.4	
42035.2	
42003.2	
42067.2	
42067.2	
42124.8	
42182.4	
42240	
42284.8	
42246.4	
42188.8	
42233.6	
42272	
42297.6	
42380.8	
42316.8	
42323.2	
42361.6	
42444.8	
42457.6	
42483.2	
42489.6	
42464	
42419.2	
42489.6	
42540.8	
42515.2	
42540.8	
42534.4	
42528	
42464	
42547.2	
42598.4	
42617.6	
42611.2	
42636.8	
42713.6	
42784	
42828.8	
42777.6	
42777.6	
42848	
42816	
42758.4	
42816	
42835.2	
42854.4	
42867.2	
42822.4	
42892.8	
42924.8	
42924.8	
42867.2	
42835.2	
42803.2	
42860.8	
42841.6	
42860.8	
42899.2	
42867.2	
42784	
42803.2	
42771.2	
42777.6	
42867.2	
42950.4	
43020.8	
43020.8	
43059.2	
43046.4	
43040	
43065.6	
43168	
43200	
43200	
43225.6	
43123.2	
43116.8	
43116.8	
43116.8	
43116.8	
43168	
43091.2	
43123.2	
43168	
43212.8	
43212.8	
43232	
43225.6	
43219.2	
43200	
43212.8	
43187.2	
43200	
43193.6	
43193.6	
43206.4	
43315.2	
43270.4	
43251.2	
43302.4	
43392	
43398.4	
43462.4	
43481.6	
43545.6	
43609.6	
43603.2	
43648	
43596.8	
43616	
43596.8	
43622.4	
43712	
43686.4	
43654.4	
43654.4	
43667.2	
43667.2	
43673.6	
43667.2	
43731.2	
43673.6	
43609.6	
43673.6	
43750.4	
43750.4	
43808	
43840	
43814.4	
43820.8	
43820.8	
43859.2	
43820.8	
43801.6	
43808	
43782.4	
43756.8	
43840	
43916.8	
43865.6	
43891.2	
43852.8	
43840	
43827.2	
43840	
43884.8	
43872	
43878.4	
43840	
43814.4	
43820.8	
43808	
43833.6	
43884.8	
43968	
43955.2	
43904	
43968	
43948.8	
44032	
44006.4	
43993.6	
43948.8	
43980.8	
43968	
44044.8	
44064	
44051.2	
44064	
44064	
44102.4	
44128	
44115.2	
44108.8	
44166.4	
44224	
44268.8	
44326.4	
44364.8	
44352	
44326.4	
44320	
44313.6	
44352	
44422.4	
44435.2	
44416	
44473.6	
44454.4	
44448	
44505.6	
44492.8	
44467.2	
44499.2	
44492.8	
44473.6	
44467.2	
44454.4	
44467.2	
44473.6	
44480	
44467.2	
44486.4	
44480	
44435.2	
44422.4	
44422.4	
44428.8	
44441.6	
44428.8	
44499.2	
44563.2	
44505.6	
44544	
44556.8	
44512	
44537.6	
44537.6	
44569.6	
44582.4	
44582.4	
44588.8	
44595.2	
44550.4	
44569.6	
44576	
44569.6	
44582.4	
44588.8	
44576	
44620.8	
44640	
44652.8	
44672	
44684.8	
44659.2	
44595.2	
44614.4	
44652.8	
44697.6	
44633.6	
44620.8	
44633.6	
44659.2	
44633.6	
44665.6	
44691.2	
44774.4	
44780.8	
44787.2	
44736	
44729.6	
44729.6	
44742.4	
44748.8	
44774.4	
44755.2	
44748.8	
44755.2	
44787.2	
44844.8	
44780.8	
44774.4	
44748.8	
44768	
44793.6	
44774.4	
44774.4	
44748.8	
44774.4	
44838.4	
44838.4	
44838.4	
44723.2	
44761.6	
44780.8	
44793.6	
44812.8	
44825.6	
44857.6	
44889.6	
44864	
44864	
44921.6	
44793.6	
44780.8	
44825.6	
44819.2	
44838.4	
44857.6	
44857.6	
44819.2	
44800	
44832	
44838.4	
44844.8	
44825.6	
44896	
44998.4	
45017.6	
45075.2	
45094.4	
45088	
45145.6	
45056	
45049.6	
45043.2	
45043.2	
45049.6	
45017.6	
44992	
44960	
44979.2	
44998.4	
44947.2	
45036.8	
44979.2	
44972.8	
44992	
45024	
45075.2	
45056	
45062.4	
45043.2	
45056	
45049.6	
45062.4	
45068.8	
45049.6	
45088	
45158.4	
45164.8	
45222.4	
45260.8	
45318.4	
45324.8	
45273.6	
45286.4	
45248	
45235.2	
45241.6	
45241.6	
45292.8	
45241.6	
45280	
45273.6	
45241.6	
45203.2	
45158.4	
45120	
45152	
45139.2	
45196.8	
45228.8	
45273.6	
45312	
45299.2	
45292.8	
45312	
45376	
45331.2	
45280	
45286.4	
45292.8	
45216	
45305.6	
45337.6	
45331.2	
45280	
45273.6	
45280	
45312	
45337.6	
45312	
45299.2	
45337.6	
45299.2	
45312	
45305.6	
45305.6	
45292.8	
45331.2	
45305.6	
45286.4	
45299.2	
45286.4	
45324.8	
45248	
45158.4	
45203.2	
45190.4	
45190.4	
45177.6	
45203.2	
45203.2	
45267.2	
45324.8	
45331.2	
45312	
45324.8	
45324.8	
45324.8	
45254.4	
45241.6	
45286.4	
45344	
45254.4	
45312	
45344	
45395.2	
45376	
45388.8	
45420.8	
45414.4	
45433.6	
45459.2	
45440	
45459.2	
45529.6	
45568	
45504	
45542.4	
45516.8	
45510.4	
45504	
45516.8	
45536	
45600	
45568	
45555.2	
45606.4	
45568	
45587.2	
45568	
45542.4	
45600	
45555.2	
45574.4	
45574.4	
45600	
45574.4	
45600	
45555.2	
45497.6	
45484.8	
45440	
45516.8	
45529.6	
45574.4	
45561.6	
45529.6	
45568	
45561.6	
45580.8	
45561.6	
45516.8	
45497.6	
45548.8	
45510.4	
45516.8	
45504	
45523.2	
45504	
45510.4	
45497.6	
45465.6	
45459.2	
45465.6	
45529.6	
45542.4	
45459.2	
45484.8	
45472	
45408	
45459.2	
45459.2	
45478.4	
45484.8	
45446.4	
45414.4	
45452.8	
45491.2	
45504	
45497.6	
45427.2	
45497.6	
45516.8	
45548.8	
45606.4	
45574.4	
45606.4	
45600	
45619.2	
45632	
45606.4	
45606.4	
45606.4	
45689.6	
45696	
45683.2	
45753.6	
45728	
45824	
45836.8	
45811.2	
45772.8	
45772.8	
45830.4	
45830.4	
45817.6	
45875.2	
45875.2	
45868.8	
45868.8	
45862.4	
45836.8	
45843.2	
45824	
45824	
45811.2	
45760	
45817.6	
45824	
45798.4	
45811.2	
45868.8	
45849.6	
45830.4	
45849.6	
45849.6	
45888	
45920	
45894.4	
45939.2	
45868.8	
45824	
45804.8	
45830.4	
45830.4	
45772.8	
45760	
45792	
45766.4	
45760	
45811.2	
45849.6	
45817.6	
45798.4	
45728	
45708.8	
45728	
45766.4	
45772.8	
45766.4	
45721.6	
45728	
45779.2	
45804.8	
45792	
45798.4	
45766.4	
45792	
45779.2	
45760	
45766.4	
45785.6	
45824	
45836.8	
45843.2	
45862.4	
45862.4	
45868.8	
45971.2	
45971.2	
45952	
45920	
45952	
45939.2	
45958.4	
45913.6	
45900.8	
45939.2	
45932.8	
45900.8	
45926.4	
45971.2	
46035.2	
45990.4	
45964.8	
45907.2	
45926.4	
45894.4	
45881.6	
45875.2	
45939.2	
46022.4	
46067.2	
46054.4	
46035.2	
46048	
46067.2	
46073.6	
46099.2	
46099.2	
46112	
46131.2	
46150.4	
46073.6	
46099.2	
46118.4	
46156.8	
46182.4	
46144	
46156.8	
46131.2	
46092.8	
46086.4	
46092.8	
46080	
46048	
46060.8	
46041.6	
46060.8	
46073.6	
46048	
45990.4	
46028.8	
46022.4	
46003.2	
46035.2	
46009.6	
46067.2	
46092.8	
46086.4	
46035.2	
46054.4	
46073.6	
46048	
46054.4	
46048	
46048	
46112	
46131.2	
46131.2	
46137.6	
46118.4	
46124.8	
46137.6	
46144	
46131.2	
46169.6	
46176	
46169.6	
46112	
46124.8	
46105.6	
46086.4	
46137.6	
46182.4	
46169.6	
46137.6	
46124.8	
46137.6	
46176	
46144	
46144	
46201.6	
46201.6	
46227.2	
46233.6	
46278.4	
46284.8	
46310.4	
46329.6	
46316.8	
46304	
46265.6	
46227.2	
46240	
46240	
46252.8	
46208	
46176	
46252.8	
46246.4	
46246.4	
46208	
46214.4	
46246.4	
46246.4	
46278.4	
46304	
46323.2	
46342.4	
46323.2	
46348.8	
46374.4	
46361.6	
46361.6	
46348.8	
46348.8	
46355.2	
46342.4	
46393.6	
46374.4	
46400	
46432	
46451.2	
46457.6	
46432	
46374.4	
46361.6	
46342.4	
46316.8	
46329.6	
46310.4	
46380.8	
46348.8	
46355.2	
46400	
46400	
46412.8	
46406.4	
46400	
46374.4	
46387.2	
46342.4	
46323.2	
46336	
46329.6	
46348.8	
46291.2	
46297.6	
46361.6	
46355.2	
46348.8	
46310.4	
46316.8	
46304	
46368	
46329.6	
46310.4	
46291.2	
46316.8	
46342.4	
46342.4	
46323.2	
46304	
46336	
46323.2	
46284.8	
46278.4	
46291.2	
46316.8	
46310.4	
46310.4	
46355.2	
46329.6	
46342.4	
46323.2	
46265.6	
46265.6	
46284.8	
46240	
46272	
46284.8	
46201.6	
46252.8	
46297.6	
46355.2	
46425.6	
46374.4	
46374.4	
46400	
46393.6	
46368	
46304	
46297.6	
46278.4	
46278.4	
46291.2	
46316.8	
46329.6	
46304	
46272	
46316.8	
46329.6	
46316.8	
46316.8	
46361.6	
46412.8	
46393.6	
46464	
46470.4	
46483.2	
46515.2	
46496	
46502.4	
46502.4	
46489.6	
46534.4	
46572.8	
46598.4	
46579.2	
46611.2	
46585.6	
46572.8	
46592	
46572.8	
46585.6	
46534.4	
46483.2	
46540.8	
46579.2	
46585.6	
46534.4	
46572.8	
46534.4	
46560	
46572.8	
46579.2	
46528	
46502.4	
46489.6	
46457.6	
46393.6	
46419.2	
46451.2	
46476.8	
46470.4	
46489.6	
46521.6	
46515.2	
46521.6	
46470.4	
46489.6	
46489.6	
46508.8	
46579.2	
46572.8	
46592	
46547.2	
46515.2	
46547.2	
46534.4	
46528	
46515.2	
46508.8	
46483.2	
46496	
46502.4	
46521.6	
46560	
46585.6	
46528	
46630.4	
46624	
46611.2	
46617.6	
46636.8	
46585.6	
46579.2	
46528	
46528	
46515.2	
